52001,'1c2e3625233d01453772',808,,713,4,0,97 36,0,200,,721,4,0,98 50,0,200,,723,4,0,97 36,0,128,,708,21,0,98 50,0,272,,711,4,0,97 36,0,112,,712,21,0,98 50,0,223,,714,21,0,97 36,0,110,,717,4,0,98 50,0
52001,'1f5759673f12020b0a50',1108,,726,4,0,98 50,0,121,,727,21,0,97 36,0,479,,724,4,0,98 50,0,200,,725,4,0,97 36,0
52001,'31744f7e5638320a2d4c',1343,,728,13,0,98 50,0
52001,'4f0277002864772e6462',908,,719,4,0,98 50,0
52001,'59737b0d0f044b52693e',1847,,730,24,0,98 50,0
52001,'7f443a14596255477616',1736,,731,13,0,98 50,0,100,,733,13,0,98 50,0
52401,'046347357d327122267c',1124,,156,6,0,65 62 66,0
56001,'06752747777a051e0436',1220,,1014,4,0,5 6 7,0,200,,1015,4,0,8 9,0,235,,1016,4,0,8 9,0
56001,'0b787c403733425e476a',1211,,572,4,0,5 6 7,0,200,,570,4,0,8 9,0,238,,571,4,0,8 9,0
56001,'23296d7c775227723c50',845,,1019,4,0,8 9,0,270,,1020,4,0,8 9,0,205,,1017,4,0,5 6 7,0
56001,'385c656911630e4e5b28',923,,1024,13,0,67 19 23 68,0,2,,1025,13,0,67 19 23 68,0,383,,1021,13,0,67 19 23 68,0,200,,1022,13,0,67 37,0,405,,1023,13,0,67 37,0
56001,'3d034810783c227d733e',839,,567,4,0,8 9,0,267,,568,4,0,8 9,0,205,,569,4,0,5 6 7,0
56001,'3e571d0e2f4c2c455f11',925,,558,13,0,67 19 23 68,0,385,,559,13,0,67 19 23 68,0,200,,556,13,0,67 37,0,405,,557,13,0,67 37,0
56001,'5e7252525b680b0d0608',747,,564,13,0,5 6 7,0,183,,565,13,0,8 9,0,615,,560,4,0,8 9,0,167,,561,13,0,8 9,0,133,,562,13,0,8 9,0
56001,'79202867750764183662',809,,1030,13,0,5 6 7,0,2,,1031,13,0,67 19 23 68,0,114,,1033,13,0,67 19 23 68,0,17,,1032,13,0,8 9,0,603,,1026,4,0,8 9,0,179,,1027,13,0,8 9,0,133,,1028,13,0,8 9,0
