52000,'1e386a27476c5b6e1461',649,,706,8,0,25 26 27 28 29 30,0
52000,'1f5759673f12020b0a50',1425,,702,21,0,25 26 27 28 29 30,0
52000,'2f16807a52596335736c',535,,693,12,0,25 26 27 28 29 30,0,112,,696,22,0,25 26 27 28 29 30,0,67,,697,14,0,25 26 27 28 29 30,0,33,,698,23,0,25 26 27 28 29 30,0,177,,700,12,0,25 26 27 28 29 30,0,200,,687,12,0,25 26 27 28 29 30,0,200,,689,12,0,25 26 27 28 29 30,0,197,,690,20,0,25 26 27 28 29 30,0,304,,692,14,0,25 26 27 28 29 30,0,190,,695,20,0,25 26 27 28 29 30,0
56000,'06752747777a051e0436',1923,,995,35,0,25 26 27 28 29 30,0
56000,'16637e0e2315066c486c',1739,,876,41,0,25 26 27 28 29 30,0
56000,'23296d7c775227723c50',1928,,999,43,0,25 26 27 28 29 30,0
56000,'262a54422e7775120a3d',1923,,864,35,0,25 26 27 28 29 30,0
56000,'26326379431d56734a7b',1739,,861,42,0,25 26 27 28 29 30,0
56000,'385c656911630e4e5b28',1125,,1005,25,0,25 26 27 28 29 30,0,200,,1006,25,0,25 26 27 28 29 30,0,400,,1003,25,0,25 26 27 28 29 30,0,185,,1004,25,0,25 26 27 28 29 30,0
56000,'3d034810783c227d733e',1911,,868,43,0,25 26 27 28 29 30,0
56000,'3e571d0e2f4c2c455f11',1125,,874,25,0,25 26 27 28 29 30,0,200,,875,25,0,25 26 27 28 29 30,0,400,,872,25,0,25 26 27 28 29 30,0,185,,873,25,0,25 26 27 28 29 30,0
56000,'4a4d6b041568797e730d',820,,879,38,0,25 26 27 28 29 30,0,194,,880,41,0,25 26 27 28 29 30,0
56000,'79202867750764183662',829,,1012,38,0,25 26 27 28 29 30,0,204,,1013,41,0,25 26 27 28 29 30,0,705,,1008,25,0,25 26 27 28 29 30,0,18,,1007,42,0,25 26 27 28 29 30,0,162,,1009,25,0,25 26 27 28 29 30,0
