52400,'046347357d327122267c',840,,155,2,0,20 73 74,0
56000,'06752747777a051e0436',1056,,996,18,0,20 21 22 23 24,0,270,,997,26,0,20 21 22 23 24,0,191,,993,21,0,20 21 22 23 24,0,304,,995,18,0,25 26 27 28 29 30,0
56000,'0b787c403733425e476a',1047,,865,18,0,20 21 22 23 24,0,275,,866,26,0,20 21 22 23 24,0,181,,862,21,0,20 21 22 23 24,0,320,,864,18,0,25 26 27 28 29 30,0
56000,'23296d7c775227723c50',1026,,1001,18,0,20 21 22 23 24,0,200,,1002,24,0,20 21 22 23 24,0,200,,998,26,0,20 21 22 23 24,0,400,,999,26,0,25 26 27 28 29 30,0
56000,'26326379431d56734a7b',1642,,861,25,0,25 26 27 28 29 30,0
56000,'385c656911630e4e5b28',1025,,1005,8,0,25 26 27 28 29 30,0,200,,1006,8,0,25 26 27 28 29 30,0,400,,1003,8,0,25 26 27 28 29 30,0,185,,1004,8,0,25 26 27 28 29 30,0
56000,'3d034810783c227d733e',1027,,870,18,0,20 21 22 23 24,0,195,,871,24,0,20 21 22 23 24,0,200,,867,26,0,20 21 22 23 24,0,390,,868,26,0,25 26 27 28 29 30,0
56000,'3e571d0e2f4c2c455f11',1025,,874,8,0,25 26 27 28 29 30,0,200,,875,8,0,25 26 27 28 29 30,0,400,,872,8,0,25 26 27 28 29 30,0,185,,873,8,0,25 26 27 28 29 30,0
56000,'43417d1b6169256b1344',1642,,876,24,0,25 26 27 28 29 30,0
56000,'5e7252525b680b0d0608',723,,879,21,0,25 26 27 28 29 30,0,194,,880,24,0,25 26 27 28 29 30,0,1095,,878,18,0,20 21 22 23 24,0
56000,'79202867750764183662',727,,1012,21,0,25 26 27 28 29 30,0,204,,1013,24,0,25 26 27 28 29 30,0,707,,1008,8,0,25 26 27 28 29 30,0,10,,1007,25,0,25 26 27 28 29 30,0,170,,1009,8,0,25 26 27 28 29 30,0,208,,1011,18,0,20 21 22 23 24,0
