53000,'20650565243b6617121a',1210,,166,19,0,25 26 27 28 29 30,0
53000,'2a2423055d636f354b6d',701,,176,20,0,25 26 27 28 29 30,0,110,,177,19,0,25 26 27 28 29 30,0,299,,167,19,0,25 26 27 28 29 30,0,200,,169,19,0,25 26 27 28 29 30,0,105,,170,19,0,25 26 27 28 29 30,0,295,,172,19,0,25 26 27 28 29 30,0,205,,174,19,0,25 26 27 28 29 30,0
53000,'2f16807a52596335736c',640,,181,20,0,25 26 27 28 29 30,0,96,,182,20,0,25 26 27 28 29 30,0
53000,'456016522757102f7256',1010,,165,19,0,25 26 27 28 29 30,0,600,,163,19,0,25 26 27 28 29 30,0,200,,164,19,0,25 26 27 28 29 30,0
53001,'1e386a27476c5b6e1461',1307,,201,9,0,118 26 119,0,395,,202,9,0,118 26 119,0,98,,203,9,0,118 26 119,0,1,,205,9,0,118 26 119,0,100,,206,9,0,118 26 119,0
53001,'20650565243b6617121a',942,,186,9,0,118 26 119,0,200,,187,9,0,118 26 119,0
53001,'2a2423055d636f354b6d',842,,196,9,0,118 26 119,0,200,,198,9,0,118 26 119,0,205,,199,9,0,118 26 119,0,100,,188,9,0,118 26 119,0,295,,190,9,0,118 26 119,0,199,,193,9,0,118 26 119,0,161,,195,9,0,118 26 119,0
53001,'2f16807a52596335736c',757,,208,9,0,118 26 119,0,1059,,207,9,0,118 26 119,0
53001,'456016522757102f7256',1542,,184,9,0,118 26 119,0
53001,'7534570776257980407b',1747,,183,9,0,118 26 119,0
