56000,'06752747777a051e0436',1205,,997,13,0,20 21 22 23 24,0,151,,993,8,0,20 21 22 23 24,0,299,,994,13,0,10 11 12,0
56000,'16637e0e2315066c486c',1535,,876,11,0,25 26 27 28 29 30,0
56000,'23296d7c775227723c50',1105,,1002,11,0,20 21 22 23 24,0,200,,998,13,0,20 21 22 23 24,0,400,,999,13,0,25 26 27 28 29 30,0
56000,'262a54422e7775120a3d',1215,,866,13,0,20 21 22 23 24,0,141,,862,8,0,20 21 22 23 24,0,299,,863,13,0,10 11 12,0
56000,'26326379431d56734a7b',1535,,861,11,0,25 26 27 28 29 30,0
56000,'3d034810783c227d733e',1115,,871,11,0,20 21 22 23 24,0,200,,867,13,0,20 21 22 23 24,0,390,,868,13,0,25 26 27 28 29 30,0
56000,'4a4d6b041568797e730d',616,,879,8,0,25 26 27 28 29 30,0,194,,880,11,0,25 26 27 28 29 30,0
56000,'79202867750764183662',606,,1012,8,0,25 26 27 28 29 30,0,204,,1013,11,0,25 26 27 28 29 30,0,715,,1007,11,0,25 26 27 28 29 30,0
56900,'4a4d6b041568797e730d',951,,604,24,0,31 32,0,575,,605,24,0,31 32,0
56900,'79202867750764183662',951,,1059,24,0,31 32,0,575,,1060,24,0,31 32,0
