53000,'1e386a27476c5b6e1461',650,,179,6,0,25 26 27 28 29 30,0,96,,180,6,0,25 26 27 28 29 30,0
53000,'20650565243b6617121a',1215,,166,20,0,25 26 27 28 29 30,0
53000,'2a2423055d636f354b6d',706,,176,21,0,25 26 27 28 29 30,0,5,,175,6,0,25 26 27 28 29 30,0,105,,177,20,0,25 26 27 28 29 30,0,100,,178,21,0,25 26 27 28 29 30,0,199,,167,20,0,25 26 27 28 29 30,0,101,,168,21,0,25 26 27 28 29 30,0,99,,169,20,0,25 26 27 28 29 30,0,105,,170,20,0,25 26 27 28 29 30,0,96,,171,21,0,25 26 27 28 29 30,0,199,,172,20,0,25 26 27 28 29 30,0,185,,173,6,0,25 26 27 28 29 30,0,20,,174,20,0,25 26 27 28 29 30,0
53000,'2f16807a52596335736c',645,,181,21,0,25 26 27 28 29 30,0,96,,182,21,0,25 26 27 28 29 30,0
53000,'456016522757102f7256',1015,,165,20,0,25 26 27 28 29 30,0,600,,163,20,0,25 26 27 28 29 30,0,200,,164,20,0,25 26 27 28 29 30,0
53001,'1e386a27476c5b6e1461',656,,204,8,0,123 121 124,0,646,,201,8,0,118 26 119,0,355,,202,8,0,118 26 119,0,98,,203,8,0,118 26 119,0,1,,205,8,0,118 26 119,0,100,,206,8,0,118 26 119,0
53001,'20650565243b6617121a',937,,186,8,0,118 26 119,0,200,,187,8,0,118 26 119,0
53001,'2a2423055d636f354b6d',837,,196,8,0,118 26 119,0,100,,197,8,0,118 26 119,0,100,,198,8,0,118 26 119,0,205,,199,8,0,118 26 119,0,5,,200,8,0,118 26 119,0,95,,188,8,0,118 26 119,0,95,,189,8,0,118 26 119,0,200,,190,8,0,118 26 119,0,65,,191,8,0,118 26 119,0,100,,192,8,0,118 26 119,0,34,,193,8,0,118 26 119,0,66,,194,8,0,118 26 119,0,55,,195,8,0,118 26 119,0
53001,'2f16807a52596335736c',752,,208,8,0,118 26 119,0,1059,,207,8,0,118 26 119,0
53001,'31744f7e5638320a2d4c',1307,,185,8,0,118 26 119,0
53001,'456016522757102f7256',1537,,184,8,0,118 26 119,0
53001,'7534570776257980407b',1742,,183,8,0,118 26 119,0
55000,'0a067c057b2b05087239',650,,801,1,0,35 45 116,0
55000,'1a223768176411647430',1740,,805,2,0,35 45 116,0
55000,'1e386a27476c5b6e1461',705,,822,1,0,35 36 37,0
55000,'1e7832711c690d2e452a',1724,,816,6,0,78 19,0
55000,'20650565243b6617121a',1019,,807,6,0,35 45 116,0,200,,806,6,0,35 45 116,0
55000,'2943795d360756687162',850,,803,1,0,35 45 116,0,100,,804,1,0,35 45 116,0,300,,802,6,0,35 45 116,0
55000,'2a2423055d636f354b6d',919,,813,6,0,35 45 116,0,200,,810,6,0,35 45 116,0,200,,811,6,0,35 45 116,0,200,,812,6,0,35 45 116,0
55000,'56061576073054406d39',1740,,818,2,0,35 45 116,0
55001,'20650565243b6617121a',932,,828,2,0,123 121 124,0,200,,829,2,0,123 121 124,0,400,,827,2,0,123 121 124,0
55001,'2943795d360756687162',825,,824,23,0,123 121 124,0,105,,825,23,4,,0,180,,826,23,4,,0,745,,823,24,4,,0
55001,'2a2423055d636f354b6d',832,,839,2,0,123 121 124,0,200,,840,2,0,123 121 124,0,200,,834,2,0,123 121 124,0,200,,835,2,0,123 121 124,0,200,,837,2,0,123 121 124,0,8,,836,24,4,,0,192,,838,2,0,123 121 124,0
55001,'456016522757102f7256',1732,,833,2,0,123 121 124,0
55001,'56061576073054406d39',1415,,843,24,4,,0
55001,'6e2807222c1c15364847',1415,,832,24,4,,0
