54001,'0a2e2246543d0b4e297d',1033,,784,4,0,60 64,0,200,,785,4,0,60 64,0,200,,786,4,0,60 64,0
54001,'0e5131610429337c0530',820,,762,4,0,35 36 37,0
54001,'1e386a27476c5b6e1461',750,,790,4,0,35 45 116,0,895,,787,4,0,58 59,0,105,,788,4,0,58 59,0
54001,'20650565243b6617121a',1030,,765,4,0,58 59,0,225,,764,4,0,58 59,0
54001,'2a2423055d636f354b6d',740,,781,4,0,58 59,0,190,,782,4,0,58 59,0,200,,783,4,0,47 48,0,105,,770,4,0,58 59,0,65,,771,4,0,58 59,0,35,,772,4,0,58 59,0,95,,773,4,0,58 59,0,100,,774,4,0,47 48,0,175,,775,4,0,58 59,0,30,,776,4,0,47 48,0,70,,777,4,0,58 59,0,30,,778,4,0,58 59,0,15,,779,4,0,58 59,0,95,,780,4,0,58 59,0
54001,'2f16807a52596335736c',650,,763,4,0,58 59,0
54001,'31744f7e5638320a2d4c',1255,,766,4,0,58 59,0
54001,'456016522757102f7256',830,,769,4,0,58 59,0,805,,768,4,0,58 59,0
54001,'705c7f50195b7058446b',933,,767,4,0,60 64,0
54201,'2a2423055d636f354b6d',825,,404,4,0,33 19 34,0,398,,405,4,0,33 19 34,0,195,,406,4,0,33 19 34,0,307,,407,4,0,33 19 34,0,75,,408,4,0,33 19 34,0,25,,402,4,0,33 19 34,0,33,,403,4,0,33 19 34,0
54201,'2f16807a52596335736c',713,,411,4,0,33 19 34,0
55301,'2f16807a52596335736c',1229,,853,4,0,140 19 145 146,0,600,,854,4,0,140 19 145 146,0
57401,'1e386a27476c5b6e1461',1638,,683,4,0,41 42 43,0
57401,'2943795d360756687162',1723,,678,4,0,41 42 43,0
57401,'2a2423055d636f354b6d',838,,680,4,0,41 42 43,0,390,,681,4,0,41 42 43,0,595,,682,4,0,41 42 43,0
