55000,'02070559307629202a09',910,,435,23,0,35 36 37,0,200,,436,23,0,35 36 37,0,100,,437,23,0,35 36 37,0,200,,432,23,0,35 36 37,0,200,,433,23,0,35 36 37,0,140,,434,23,0,35 36 37,0
55000,'0a067c057b2b05087239',733,,801,18,0,35 45 116,0
55000,'14187635613e43612170',933,,803,18,0,35 45 116,0,100,,804,18,0,35 45 116,0,300,,802,23,0,35 45 116,0
55000,'1a223768176411647430',1823,,805,19,0,35 45 116,0
55000,'2a08755845643968295b',735,,446,18,0,35 36 37,0,200,,447,18,0,35 36 37,0,100,,449,18,0,35 36 37,0,300,,442,18,0,35 36 37,0,490,,445,19,0,35 36 37,0
55000,'31744f7e5638320a2d4c',1402,,809,12,0,35 45 116,0
55000,'553d275f1455102c362a',1726,,814,20,0,35 45 116,0,76,,815,12,0,35 45 116,0,124,,817,20,0,35 45 116,0
55000,'56061576073054406d39',1823,,818,19,0,35 45 116,0
55000,'5a5962265f3f1c435f26',1005,,463,23,0,35 36 37,0,400,,462,23,0,35 36 37,0
55000,'7f443a14596255477616',741,,822,11,0,35 36 37,0,5,,821,5,0,35 36 37,0
55300,'1c2e3625233d01453772',1409,,848,12,0,25 26 27 28 29 30,0
55300,'2829557e4e6662246775',1409,,526,11,0,25 26 27 28 29 30,0
55300,'59737b0d0f044b52693e',639,,849,12,0,25 26 27 28 29 30,0
55300,'5a622e2f735638475e4f',639,,521,11,0,25 26 27 28 29 30,0
55300,'7f443a14596255477616',645,,850,11,0,25 26 27 28 29 30,0,94,,852,12,0,25 26 27 28 29 30,0
