55001,'1e386a27476c5b6e1461',726,,844,11,0,123 121 124,0,1098,,845,8,0,129 36 130,0,16,,846,12,4,,0
55001,'1e7832711c690d2e452a',1620,,480,3,4,,0,100,,482,3,4,,0,4,,842,8,0,129 36 130,0,16,,841,12,4,,0
55001,'2943795d360756687162',755,,824,14,0,123 121 124,0,145,,825,14,0,125 126 45 127,0,140,,826,14,0,125 126 45 127,0,785,,823,15,0,125 126 45 127,0
55001,'2a2423055d636f354b6d',1610,,836,15,0,125 126 45 127,0
55001,'31744f7e5638320a2d4c',1250,,514,3,4,,0,94,,831,8,0,129 36 130,0,56,,830,12,4,,0
55001,'56061576073054406d39',1345,,843,15,0,125 126 45 127,0
55001,'6e2807222c1c15364847',1345,,832,15,0,125 126 45 127,0
55301,'1e386a27476c5b6e1461',1718,,857,16,0,140 19 145 146,0,96,,859,5,0,129 131 132,0,114,,860,16,0,129 131 132,0
55301,'2f16807a52596335736c',1309,,853,17,0,140 19 145 146,0,600,,854,17,0,140 19 145 146,0
55301,'31744f7e5638320a2d4c',1314,,855,5,0,129 131 132,0
