51100,'0c557026691052023b1b',829,,65,5,0,95 96,0,200,,66,5,0,95 96,0,280,,68,5,0,95 96,0,150,,69,5,0,95 96,0
52001,'1c2e3625233d01453772',817,,718,10,0,20 21 22 23 24,0,85,,720,13,0,20 21 22 23 24,0,148,,722,10,0,20 21 22 23 24,0,253,,708,10,0,98 50,0,40,,709,13,0,20 21 22 23 24,0,104,,710,10,0,20 21 22 23 24,0,200,,712,10,0,98 50,0,263,,714,10,0,97 36,0,22,,715,13,0,20 21 22 23 24,0,78,,716,10,0,20 21 22 23 24,0
52001,'1f5759673f12020b0a50',1148,,727,10,0,97 36,0
52001,'31744f7e5638320a2d4c',1305,,728,2,0,98 50,0,18,,729,10,0,20 21 22 23 24,0
52001,'39416a4548121b3b4e21',813,,97,10,0,20 21 22 23 24,0,35,,98,10,0,20 21 22 23 24,0,200,,99,10,0,20 21 22 23 24,0,279,,100,10,0,20 21 22 23 24,0,120,,101,10,0,20 21 22 23 24,0,480,,102,10,0,20 21 22 23 24,0
52001,'59737b0d0f044b52693e',1814,,730,13,0,98 50,0
52001,'7f443a14596255477616',1655,,731,2,0,98 50,0,70,,732,13,0,20 21 22 23 24,0,30,,733,2,0,98 50,0,72,,734,13,0,20 21 22 23 24,0
52101,'39416a4548121b3b4e21',1257,,114,10,0,98 50,0,390,,115,10,0,98 50,0,265,,116,10,0,97 36,0,100,,117,10,0,98 50,0
52101,'5a622e2f735638475e4f',1812,,111,10,0,98 50,0
52101,'7e6273386a42064a2f0b',1147,,110,10,0,97 36,0
56001,'4f0d37292d690b2d6e01',905,,558,6,0,67 19 23 68,0,345,,559,6,0,67 19 23 68,0,200,,556,6,0,67 37,0,405,,557,6,0,67 37,0
56001,'7b0c6705035135423608',726,,564,6,0,5 6 7,0,180,,565,6,0,8 9,0,745,,561,6,0,8 9,0,170,,562,6,0,8 9,0
