51101,'2f16807a52596335736c',850,,72,6,0,104 105,0,200,,73,6,0,104 105,0,280,,74,6,0,104 105,0,190,,76,6,0,104 105,0
52000,'1e386a27476c5b6e1461',648,,707,15,0,25 26 27 28 29 30,0
52000,'1f5759673f12020b0a50',1407,,702,15,0,25 26 27 28 29 30,0
52000,'2f16807a52596335736c',525,,693,6,0,25 26 27 28 29 30,0,98,,696,14,0,25 26 27 28 29 30,0,33,,697,6,0,25 26 27 28 29 30,0,72,,698,15,0,25 26 27 28 29 30,0,177,,700,6,0,25 26 27 28 29 30,0,200,,687,6,0,25 26 27 28 29 30,0,200,,689,6,0,25 26 27 28 29 30,0,198,,690,14,0,25 26 27 28 29 30,0,298,,692,6,0,25 26 27 28 29 30,0,157,,695,14,0,25 26 27 28 29 30,0
56000,'06752747777a051e0436',1909,,995,30,0,25 26 27 28 29 30,0
56000,'16637e0e2315066c486c',1726,,876,36,0,25 26 27 28 29 30,0
56000,'23296d7c775227723c50',1915,,999,38,0,25 26 27 28 29 30,0
56000,'262a54422e7775120a3d',1910,,864,30,0,25 26 27 28 29 30,0
56000,'26326379431d56734a7b',1726,,861,37,0,25 26 27 28 29 30,0
56000,'385c656911630e4e5b28',1111,,1005,20,0,25 26 27 28 29 30,0,200,,1006,20,0,25 26 27 28 29 30,0,400,,1003,20,0,25 26 27 28 29 30,0,145,,1004,20,0,25 26 27 28 29 30,0
56000,'3d034810783c227d733e',1858,,868,38,0,25 26 27 28 29 30,0
56000,'3e571d0e2f4c2c455f11',1111,,874,20,0,25 26 27 28 29 30,0,200,,875,20,0,25 26 27 28 29 30,0,400,,872,20,0,25 26 27 28 29 30,0,145,,873,20,0,25 26 27 28 29 30,0
56000,'4a4d6b041568797e730d',807,,879,33,0,25 26 27 28 29 30,0,194,,880,36,0,25 26 27 28 29 30,0
56000,'79202867750764183662',816,,1012,33,0,25 26 27 28 29 30,0,204,,1013,36,0,25 26 27 28 29 30,0,704,,1008,20,0,25 26 27 28 29 30,0,19,,1007,37,0,25 26 27 28 29 30,0,161,,1009,20,0,25 26 27 28 29 30,0
