55000,'0a067c057b2b05087239',721,,801,14,0,35 45 116,0
55000,'1a223768176411647430',1811,,805,15,0,35 45 116,0
55000,'1e386a27476c5b6e1461',734,,820,4,0,35 36 37,0
55000,'1e7832711c690d2e452a',1717,,814,16,0,35 45 116,0,34,,816,11,0,78 19,0,166,,817,16,0,35 45 116,0
55000,'2943795d360756687162',921,,803,14,0,35 45 116,0,100,,804,14,0,35 45 116,0,300,,802,19,0,35 45 116,0
55000,'31744f7e5638320a2d4c',1351,,808,6,0,78 19,0
55000,'56061576073054406d39',1811,,818,15,0,35 45 116,0
55300,'1e386a27476c5b6e1461',637,,851,5,0,25 26 27 28 29 30,0,94,,852,8,0,25 26 27 28 29 30,0
55300,'2f16807a52596335736c',1401,,848,8,0,25 26 27 28 29 30,0
55300,'59737b0d0f044b52693e',631,,849,8,0,25 26 27 28 29 30,0
