54000,'0a2e2246543d0b4e297d',1205,,757,10,0,25 26 27 28 29 30,0,400,,758,10,0,25 26 27 28 29 30,0,95,,759,10,0,25 26 27 28 29 30,0
54000,'0d037a68582d69204727',1715,,735,15,0,25 26 27 28 29 30,0
54000,'2a2423055d636f354b6d',1015,,753,17,0,25 26 27 28 29 30,0,300,,742,14,0,25 26 27 28 29 30,0,110,,743,14,0,25 26 27 28 29 30,0,90,,744,17,0,25 26 27 28 29 30,0,100,,745,14,0,25 26 27 28 29 30,0,200,,746,15,0,25 26 27 28 29 30,0,35,,747,14,0,25 26 27 28 29 30,0,65,,748,17,0,25 26 27 28 29 30,0
54000,'31744f7e5638320a2d4c',1308,,736,4,0,25 26 27 28 29 30,0
54000,'4222041c237916795e5b',1715,,739,14,0,25 26 27 28 29 30,0
54000,'456016522757102f7256',915,,740,14,0,25 26 27 28 29 30,0,200,,741,14,0,25 26 27 28 29 30,0
54000,'56061576073054406d39',1308,,755,3,0,25 26 27 28 29 30,0
54000,'5839460d757725570f41',1515,,756,14,0,25 26 27 28 29 30,0
54000,'6e2807222c1c15364847',1308,,737,3,0,25 26 27 28 29 30,0
54000,'705c7f50195b7058446b',1905,,738,10,0,25 26 27 28 29 30,0
57400,'184134507f4517151633',642,,925,5,0,25 26 27 28 29 30,0
57400,'1e386a27476c5b6e1461',652,,676,5,0,25 26 27 28 29 30,0,98,,677,5,0,25 26 27 28 29 30,0
57400,'2a2423055d636f354b6d',711,,672,7,0,25 26 27 28 29 30,0,596,,673,5,0,25 26 27 28 29 30,0,410,,674,5,0,25 26 27 28 29 30,0
