53001,'0e267f3d3f7f79253d25',1625,,184,27,4,,0
53001,'21135b21026e2276797b',1025,,186,27,4,,0,200,,187,27,4,,0
53001,'31744f7e5638320a2d4c',1400,,185,28,4,,0
53001,'451f4904156d3426551d',1830,,183,27,4,,0
53001,'50521e56012a80000201',925,,196,27,4,,0,105,,197,28,4,,0,95,,198,27,4,,0,205,,199,27,4,,0,10,,200,28,4,,0,90,,188,27,4,,0,100,,189,28,4,,0,195,,190,27,4,,0,30,,191,28,4,,0,100,,192,28,4,,0,68,,193,27,4,,0,32,,194,28,4,,0,90,,195,27,4,,0
53001,'5a1a4e292a436d472b15',840,,208,27,4,,0,1018,,207,27,4,,0
53001,'7f443a14596255477616',1350,,201,28,4,,0,395,,202,28,4,,0,98,,203,27,4,,0,100,,206,28,4,,0
53101,'311d0938250126340462',715,,220,1,0,49 105,0,215,,221,1,0,49 105,0,400,,222,1,0,49 105,0,200,,223,1,0,49 105,0,320,,224,1,0,49 105,0,155,,219,1,0,49 105,0
53101,'384b74532e2c61410e68',1030,,225,1,0,49 105,0,200,,226,1,0,49 105,0,400,,227,1,0,49 105,0,200,,228,1,0,49 105,0
53201,'50521e56012a80000201',930,,233,1,0,120 36,0,400,,234,1,0,120 36,0,200,,235,1,0,120 36,0,370,,236,1,0,120 36,0
