54000,'0a2e2246543d0b4e297d',1154,,757,8,0,25 26 27 28 29 30,0,400,,758,8,0,25 26 27 28 29 30,0,95,,759,8,0,25 26 27 28 29 30,0
54000,'0d037a68582d69204727',1706,,735,12,0,25 26 27 28 29 30,0
54000,'1e386a27476c5b6e1461',646,,760,12,0,25 26 27 28 29 30,0
54000,'2a2423055d636f354b6d',656,,749,12,0,25 26 27 28 29 30,0,55,,750,12,0,25 26 27 28 29 30,0,35,,751,12,0,25 26 27 28 29 30,0,65,,752,12,0,25 26 27 28 29 30,0,195,,753,15,0,25 26 27 28 29 30,0,300,,742,12,0,25 26 27 28 29 30,0,110,,743,12,0,25 26 27 28 29 30,0,90,,744,15,0,25 26 27 28 29 30,0,100,,745,12,0,25 26 27 28 29 30,0,200,,746,12,0,25 26 27 28 29 30,0,35,,747,12,0,25 26 27 28 29 30,0,65,,748,15,0,25 26 27 28 29 30,0
54000,'31744f7e5638320a2d4c',1259,,736,1,0,25 26 27 28 29 30,0
54000,'4222041c237916795e5b',1706,,739,12,0,25 26 27 28 29 30,0
54000,'456016522757102f7256',906,,740,12,0,25 26 27 28 29 30,0,200,,741,12,0,25 26 27 28 29 30,0
54000,'56061576073054406d39',1259,,755,1,0,25 26 27 28 29 30,0
54000,'5839460d757725570f41',1506,,756,12,0,25 26 27 28 29 30,0
54000,'6e2807222c1c15364847',1259,,737,1,0,25 26 27 28 29 30,0
54000,'705c7f50195b7058446b',1854,,738,8,0,25 26 27 28 29 30,0
54001,'0a2e2246543d0b4e297d',1054,,784,9,0,60 64,0,200,,785,9,0,60 64,0,200,,786,9,0,60 64,0
54001,'1e386a27476c5b6e1461',810,,790,6,4,,0,895,,787,6,0,58 59,0,105,,788,6,0,58 59,0
54001,'20650565243b6617121a',1050,,765,9,0,58 59,0,265,,764,5,0,58 59,0
54001,'2a2423055d636f354b6d',800,,781,9,0,58 59,0,150,,782,9,0,58 59,0,200,,783,9,0,47 48,0,103,,770,5,0,58 59,0,67,,771,9,0,58 59,0,35,,772,9,0,58 59,0,95,,773,9,0,58 59,0,100,,774,9,0,47 48,0,175,,775,9,0,58 59,0,28,,776,5,0,47 48,0,72,,777,9,0,58 59,0,28,,778,5,0,58 59,0,57,,779,9,0,58 59,0,95,,780,9,0,58 59,0
54001,'2f16807a52596335736c',710,,763,9,0,58 59,0
54001,'31744f7e5638320a2d4c',1315,,766,6,0,58 59,0
54001,'456016522757102f7256',850,,769,9,0,58 59,0,803,,768,5,0,58 59,0
54001,'705c7f50195b7058446b',954,,767,9,0,60 64,0
54300,'2a2423055d636f354b6d',755,,791,26,4,,0,390,,792,22,4,,0,300,,793,22,4,,0,200,,794,22,4,,0,265,,795,22,4,,0
54301,'2a2423055d636f354b6d',810,,796,1,0,39 40,0,400,,797,1,0,39 40,0,100,,798,1,0,39 40,0,400,,799,1,0,39 40,0,100,,800,1,0,39 40,0
55000,'0a067c057b2b05087239',755,,801,23,4,,0
55000,'1a223768176411647430',1845,,805,24,4,,0
55000,'1e7832711c690d2e452a',1747,,814,26,4,,0,63,,815,15,4,,0,137,,817,26,4,,0
55000,'20650565243b6617121a',1040,,807,7,4,,0,200,,806,7,4,,0
55000,'2943795d360756687162',955,,803,23,4,,0,100,,804,23,4,,0,300,,802,28,4,,0
55000,'2a2423055d636f354b6d',940,,813,7,4,,0,200,,810,7,4,,0,200,,811,7,4,,0,200,,812,7,4,,0
55000,'31744f7e5638320a2d4c',1410,,809,15,4,,0
55000,'56061576073054406d39',1845,,818,24,4,,0
55001,'1e386a27476c5b6e1461',643,,847,1,0,123 121 124,0
55001,'20650565243b6617121a',909,,828,1,0,123 121 124,0,200,,829,1,0,123 121 124,0,400,,827,1,0,123 121 124,0
55001,'2943795d360756687162',722,,824,1,0,123 121 124,0,105,,825,1,0,125 126 45 127,0,180,,826,1,0,125 126 45 127,0,745,,823,1,0,125 126 45 127,0
55001,'2a2423055d636f354b6d',809,,839,1,0,123 121 124,0,200,,840,1,0,123 121 124,0,200,,834,1,0,123 121 124,0,200,,835,1,0,123 121 124,0,128,,836,1,0,125 126 45 127,0,72,,837,1,0,123 121 124,0,200,,838,1,0,123 121 124,0
55001,'456016522757102f7256',1709,,833,1,0,123 121 124,0
55001,'56061576073054406d39',1312,,843,1,0,125 126 45 127,0
55001,'6e2807222c1c15364847',1312,,832,1,0,125 126 45 127,0
