56101,'06752747777a051e0436',1335,,1039,4,0,18 19,0
56101,'0b787c403733425e476a',1320,,582,4,0,18 19,0
56101,'23296d7c775227723c50',1230,,1040,4,0,18 19,0
56101,'385c656911630e4e5b28',1038,,1041,4,0,18 19,0
56101,'3d034810783c227d733e',1220,,581,4,0,18 19,0
56101,'3e571d0e2f4c2c455f11',1040,,578,4,0,18 19,0
56101,'5e7252525b680b0d0608',900,,579,4,0,18 19,0,145,,580,4,0,18 19,0
56101,'79202867750764183662',925,,1042,4,0,18 19,0,130,,1043,4,0,18 19,0
56901,'5e7252525b680b0d0608',1425,,609,22,0,18 19,0,415,,610,22,0,18 19,0
56901,'79202867750764183662',1425,,1064,22,0,18 19,0,425,,1065,22,0,18 19,0
