55000,'0a067c057b2b05087239',702,,801,4,0,35 45 116,0
55000,'1a223768176411647430',1752,,805,5,0,35 45 116,0
55000,'1e386a27476c5b6e1461',717,,822,4,0,35 36 37,0
55000,'1e7832711c690d2e452a',1637,,814,4,0,35 45 116,0,100,,815,4,0,35 45 116,0,100,,817,4,0,35 45 116,0
55000,'2943795d360756687162',902,,803,4,0,35 45 116,0,100,,804,4,0,35 45 116,0,300,,802,9,0,35 45 116,0
55000,'31744f7e5638320a2d4c',1337,,809,4,0,35 45 116,0
55000,'56061576073054406d39',1752,,818,5,0,35 45 116,0
55001,'1e386a27476c5b6e1461',725,,847,13,0,123 121 124,0
55001,'2943795d360756687162',815,,824,22,0,123 121 124,0,105,,825,22,0,125 126 45 127,0,180,,826,22,0,125 126 45 127,0,745,,823,23,0,125 126 45 127,0
55001,'2a2423055d636f354b6d',1630,,836,23,0,125 126 45 127,0
55001,'56061576073054406d39',1405,,843,23,0,125 126 45 127,0
55001,'6e2807222c1c15364847',1405,,832,23,0,125 126 45 127,0
55300,'1e386a27476c5b6e1461',621,,850,3,0,25 26 27 28 29 30,0
