56000,'06752747777a051e0436',957,,996,9,0,20 21 22 23 24,0,765,,995,9,0,25 26 27 28 29 30,0
56000,'0b787c403733425e476a',957,,865,9,0,20 21 22 23 24,0,775,,864,9,0,25 26 27 28 29 30,0
56000,'23296d7c775227723c50',927,,1001,9,0,20 21 22 23 24,0,800,,1000,9,0,75 76 77,0
56000,'3d034810783c227d733e',937,,870,9,0,20 21 22 23 24,0,790,,869,9,0,75 76 77,0
56000,'5e7252525b680b0d0608',1922,,878,9,0,20 21 22 23 24,0
56000,'79202867750764183662',1927,,1011,9,0,20 21 22 23 24,0
56901,'385c656911630e4e5b28',957,,1061,9,0,10 11 12,0,773,,1062,9,0,75 76 77,0,197,,1063,9,0,10 11 12,0
56901,'3e571d0e2f4c2c455f11',1000,,606,9,0,10 11 12,0,730,,607,9,0,75 76 77,0,200,,608,9,0,10 11 12,0
56901,'5e7252525b680b0d0608',1342,,609,13,0,18 19,0,415,,610,13,0,18 19,0
56901,'79202867750764183662',1342,,1064,13,0,18 19,0,465,,1065,13,0,18 19,0
