56000,'06752747777a051e0436',1002,,996,10,0,20 21 22 23 24,0,225,,997,18,0,20 21 22 23 24,0,191,,993,13,0,20 21 22 23 24,0,299,,994,18,0,10 11 12,0,10,,995,10,0,25 26 27 28 29 30,0
56000,'0b787c403733425e476a',1002,,865,10,0,20 21 22 23 24,0,233,,866,18,0,20 21 22 23 24,0,181,,862,13,0,20 21 22 23 24,0,299,,863,18,0,10 11 12,0,22,,864,10,0,25 26 27 28 29 30,0
56000,'23296d7c775227723c50',932,,1001,10,0,20 21 22 23 24,0,195,,1002,16,0,20 21 22 23 24,0,200,,998,18,0,20 21 22 23 24,0,400,,999,18,0,25 26 27 28 29 30,0,5,,1000,10,0,75 76 77,0
56000,'26326379431d56734a7b',1555,,861,16,0,25 26 27 28 29 30,0
56000,'3d034810783c227d733e',942,,870,10,0,20 21 22 23 24,0,193,,871,16,0,20 21 22 23 24,0,200,,867,18,0,20 21 22 23 24,0,390,,868,18,0,25 26 27 28 29 30,0,7,,869,10,0,75 76 77,0
56000,'43417d1b6169256b1344',1555,,876,16,0,25 26 27 28 29 30,0
56000,'5e7252525b680b0d0608',636,,879,13,0,25 26 27 28 29 30,0,194,,880,16,0,25 26 27 28 29 30,0,1097,,878,10,0,20 21 22 23 24,0
56000,'79202867750764183662',628,,1012,13,0,25 26 27 28 29 30,0,204,,1013,16,0,25 26 27 28 29 30,0,715,,1007,16,0,25 26 27 28 29 30,0,385,,1011,10,0,20 21 22 23 24,0
56901,'385c656911630e4e5b28',1002,,1061,10,0,10 11 12,0,733,,1062,10,0,75 76 77,0,197,,1063,10,0,10 11 12,0
56901,'3e571d0e2f4c2c455f11',1005,,606,10,0,10 11 12,0,730,,607,10,0,75 76 77,0,200,,608,10,0,10 11 12,0
56901,'5e7252525b680b0d0608',1347,,609,14,0,18 19,0,455,,610,14,0,18 19,0
56901,'79202867750764183662',1347,,1064,14,0,18 19,0,465,,1065,14,0,18 19,0
