52400,'046347357d327122267c',835,,155,1,0,20 73 74,0
56000,'06752747777a051e0436',1046,,996,17,0,20 21 22 23 24,0,270,,997,25,0,20 21 22 23 24,0,191,,993,20,0,20 21 22 23 24,0,304,,995,17,0,25 26 27 28 29 30,0
56000,'0b787c403733425e476a',1038,,865,17,0,20 21 22 23 24,0,275,,866,25,0,20 21 22 23 24,0,141,,862,20,0,20 21 22 23 24,0,359,,864,17,0,25 26 27 28 29 30,0
56000,'23296d7c775227723c50',1016,,1001,17,0,20 21 22 23 24,0,200,,1002,23,0,20 21 22 23 24,0,200,,998,25,0,20 21 22 23 24,0,400,,999,25,0,25 26 27 28 29 30,0
56000,'26326379431d56734a7b',1633,,861,24,0,25 26 27 28 29 30,0
56000,'385c656911630e4e5b28',1015,,1005,7,0,25 26 27 28 29 30,0,200,,1006,7,0,25 26 27 28 29 30,0,400,,1003,7,0,25 26 27 28 29 30,0,185,,1004,7,0,25 26 27 28 29 30,0
56000,'3d034810783c227d733e',1018,,870,17,0,20 21 22 23 24,0,195,,871,23,0,20 21 22 23 24,0,200,,867,25,0,20 21 22 23 24,0,390,,868,25,0,25 26 27 28 29 30,0
56000,'3e571d0e2f4c2c455f11',1015,,874,7,0,25 26 27 28 29 30,0,200,,875,7,0,25 26 27 28 29 30,0,400,,872,7,0,25 26 27 28 29 30,0,185,,873,7,0,25 26 27 28 29 30,0
56000,'43417d1b6169256b1344',1633,,876,23,0,25 26 27 28 29 30,0
56000,'5e7252525b680b0d0608',714,,879,20,0,25 26 27 28 29 30,0,194,,880,23,0,25 26 27 28 29 30,0,1095,,878,17,0,20 21 22 23 24,0
56000,'79202867750764183662',717,,1012,20,0,25 26 27 28 29 30,0,204,,1013,23,0,25 26 27 28 29 30,0,707,,1008,7,0,25 26 27 28 29 30,0,10,,1007,24,0,25 26 27 28 29 30,0,170,,1009,7,0,25 26 27 28 29 30,0,208,,1011,17,0,20 21 22 23 24,0
