51100,'1c2e3625233d01453772',826,,65,4,0,95 96,0,200,,66,4,0,95 96,0,280,,68,4,0,95 96,0,150,,69,4,0,95 96,0
52001,'1c2e3625233d01453772',815,,718,9,0,20 21 22 23 24,0,85,,720,12,0,20 21 22 23 24,0,148,,722,9,0,20 21 22 23 24,0,253,,708,9,0,98 50,0,40,,709,12,0,20 21 22 23 24,0,104,,710,9,0,20 21 22 23 24,0,200,,712,9,0,98 50,0,263,,714,9,0,97 36,0,22,,715,12,0,20 21 22 23 24,0,78,,716,9,0,20 21 22 23 24,0
52001,'1f5759673f12020b0a50',1145,,727,9,0,97 36,0
52001,'31744f7e5638320a2d4c',1321,,729,9,0,20 21 22 23 24,0
52001,'59737b0d0f044b52693e',1812,,730,12,0,98 50,0
52001,'7f443a14596255477616',1723,,732,12,0,20 21 22 23 24,0,102,,734,12,0,20 21 22 23 24,0
56001,'385c656911630e4e5b28',900,,1024,5,0,67 19 23 68,0,2,,1025,5,0,67 19 23 68,0,343,,1021,5,0,67 19 23 68,0,200,,1022,5,0,67 37,0,405,,1023,5,0,67 37,0
56001,'3e571d0e2f4c2c455f11',900,,558,5,0,67 19 23 68,0,345,,559,5,0,67 19 23 68,0,200,,556,5,0,67 37,0,405,,557,5,0,67 37,0
56001,'5e7252525b680b0d0608',720,,564,5,0,5 6 7,0,180,,565,5,0,8 9,0,745,,561,5,0,8 9,0,170,,562,5,0,8 9,0
56001,'79202867750764183662',730,,1030,5,0,5 6 7,0,2,,1031,5,0,67 19 23 68,0,168,,1032,5,0,8 9,0,2,,1033,5,0,67 19 23 68,0,743,,1027,5,0,8 9,0,170,,1028,5,0,8 9,0
