54001,'0a2e2246543d0b4e297d',1042,,784,6,0,60 64,0,200,,785,6,0,60 64,0,200,,786,6,0,60 64,0
54001,'20650565243b6617121a',1040,,765,6,0,58 59,0
54001,'2a2423055d636f354b6d',750,,781,6,0,58 59,0,190,,782,6,0,58 59,0,200,,783,6,0,47 48,0,170,,771,6,0,58 59,0,35,,772,6,0,58 59,0,95,,773,6,0,58 59,0,100,,774,6,0,47 48,0,175,,775,6,0,58 59,0,100,,777,6,0,58 59,0,85,,779,6,0,58 59,0,55,,780,6,0,58 59,0
54001,'2f16807a52596335736c',700,,763,6,0,58 59,0
54001,'456016522757102f7256',840,,769,6,0,58 59,0
54001,'705c7f50195b7058446b',942,,767,6,0,60 64,0
54300,'2a2423055d636f354b6d',744,,791,23,0,35 45 116,0
57401,'1e386a27476c5b6e1461',1655,,683,11,0,41 42 43,0,145,,684,8,0,41 42 43,0,100,,685,8,0,41 42 43,0
57401,'2943795d360756687162',1737,,678,8,0,41 42 43,0
57401,'2a2423055d636f354b6d',852,,680,8,0,41 42 43,0,390,,681,8,0,41 42 43,0,595,,682,8,0,41 42 43,0
57401,'31744f7e5638320a2d4c',1300,,679,8,0,41 42 43,0
