56000,'0a3c663a7d504d200835',1618,,861,22,0,25 26 27 28 29 30,0
56000,'136e6b484c454e417465',1000,,544,5,0,25 26 27 28 29 30,0,200,,545,5,0,25 26 27 28 29 30,0,400,,542,5,0,25 26 27 28 29 30,0,145,,543,5,0,25 26 27 28 29 30,0
56000,'1c2e3625233d01453772',1023,,865,15,0,20 21 22 23 24,0,235,,866,23,0,20 21 22 23 24,0,181,,862,18,0,20 21 22 23 24,0,299,,863,23,4,,0,20,,864,15,0,25 26 27 28 29 30,0
56000,'1f5759673f12020b0a50',1003,,870,15,0,20 21 22 23 24,0,155,,871,21,0,20 21 22 23 24,0,200,,867,23,0,20 21 22 23 24,0,390,,868,23,0,25 26 27 28 29 30,0
56000,'3823594e52252d7f6b14',1000,,874,5,0,25 26 27 28 29 30,0,200,,875,5,0,25 26 27 28 29 30,0,400,,872,5,0,25 26 27 28 29 30,0,145,,873,5,0,25 26 27 28 29 30,0
56000,'3a511f30370a721b2433',1003,,540,15,0,20 21 22 23 24,0,155,,541,21,0,20 21 22 23 24,0,200,,537,23,0,20 21 22 23 24,0,390,,538,23,0,25 26 27 28 29 30,0
56000,'4f0277002864772e6462',625,,877,7,4,,0,34,,879,18,0,25 26 27 28 29 30,0,194,,880,21,0,25 26 27 28 29 30,0,765,,876,21,0,25 26 27 28 29 30,0,330,,878,15,0,20 21 22 23 24,0
56000,'69181125652d7e4d6a80',1023,,549,15,0,20 21 22 23 24,0,235,,550,23,0,20 21 22 23 24,0,181,,546,18,0,20 21 22 23 24,0,299,,547,23,4,,0,20,,548,15,0,25 26 27 28 29 30,0
56000,'702c275e051204394d01',625,,553,7,4,,0,34,,554,18,0,25 26 27 28 29 30,0,194,,555,21,0,25 26 27 28 29 30,0,765,,551,21,0,25 26 27 28 29 30,0,330,,552,15,0,20 21 22 23 24,0
56100,'1b214b1416243d502f16',1150,,576,8,4,,0
56100,'4e3d4c28307d7d150c33',1720,,573,8,4,,0
56100,'50521e56012a80000201',1605,,574,8,4,,0,145,,575,8,4,,0
56100,'5a1a4e292a436d472b15',1250,,577,8,4,,0
56101,'1b214b1416243d502f16',1205,,581,1,0,18 19,0
56101,'4e3d4c28307d7d150c33',1025,,578,1,0,18 19,0
56101,'50521e56012a80000201',845,,579,1,0,18 19,0,185,,580,1,0,18 19,0
56101,'5a1a4e292a436d472b15',1305,,582,1,0,18 19,0
56400,'136e6b484c454e417465',1700,,583,2,0,69 26,0
56400,'183c4e6962076a683377',1105,,881,2,0,69 26,0
56400,'39206428010a3522612d',1745,,882,2,0,69 26,0
56400,'4210105e07251f32714c',1700,,883,2,0,69 26,0
56400,'554b630955771e7c2224',1105,,585,2,0,69 26,0
56400,'702c275e051204394d01',1745,,584,2,0,69 26,0
56401,'183c4e6962076a683377',1050,,884,2,0,70 71 72,0,105,,885,2,0,70 71 72,0
56401,'39206428010a3522612d',840,,886,1,0,70 71 72,0
56401,'554b630955771e7c2224',1050,,587,2,0,70 71 72,0,105,,588,2,0,70 71 72,0
56401,'702c275e051204394d01',840,,586,1,0,70 71 72,0
56600,'1b214b1416243d502f16',1158,,594,11,4,,0
56600,'4e3d4c28307d7d150c33',1551,,589,19,4,,0,179,,590,15,4,,0
56600,'50521e56012a80000201',841,,591,10,4,,0,180,,592,10,4,,0,528,,593,11,4,,0
56600,'5a1a4e292a436d472b15',1258,,595,11,4,,0
56900,'50521e56012a80000201',830,,604,8,0,31 32,0,575,,605,8,0,31 32,0
56901,'4e3d4c28307d7d150c33',1025,,606,15,4,,0,930,,608,16,4,,0
56901,'50521e56012a80000201',1410,,609,19,0,18 19,0,415,,610,19,0,18 19,0
