51100,'2f16807a52596335736c',710,,64,5,0,104 26 91,0,500,,67,5,0,104 26 91,0,425,,70,5,0,104 26 91,0
51200,'2f16807a52596335736c',730,,79,7,4,,0,685,,80,7,4,,0,390,,81,7,4,,0
52000,'1e386a27476c5b6e1461',647,,706,7,0,25 26 27 28 29 30,0
52000,'1f5759673f12020b0a50',1421,,702,20,0,25 26 27 28 29 30,0
52000,'2f16807a52596335736c',534,,693,11,0,25 26 27 28 29 30,0,109,,696,21,0,25 26 27 28 29 30,0,69,,697,13,0,25 26 27 28 29 30,0,33,,698,22,0,25 26 27 28 29 30,0,175,,700,11,0,25 26 27 28 29 30,0,200,,687,11,0,25 26 27 28 29 30,0,200,,689,11,0,25 26 27 28 29 30,0,197,,690,19,0,25 26 27 28 29 30,0,304,,692,13,0,25 26 27 28 29 30,0,190,,695,19,0,25 26 27 28 29 30,0
56000,'06752747777a051e0436',1921,,995,34,0,25 26 27 28 29 30,0
56000,'16637e0e2315066c486c',1737,,876,40,0,25 26 27 28 29 30,0
56000,'23296d7c775227723c50',1926,,999,42,0,25 26 27 28 29 30,0
56000,'262a54422e7775120a3d',1921,,864,34,0,25 26 27 28 29 30,0
56000,'26326379431d56734a7b',1737,,861,41,0,25 26 27 28 29 30,0
56000,'385c656911630e4e5b28',1123,,1005,24,0,25 26 27 28 29 30,0,200,,1006,24,0,25 26 27 28 29 30,0,400,,1003,24,0,25 26 27 28 29 30,0,185,,1004,24,0,25 26 27 28 29 30,0
56000,'3d034810783c227d733e',1909,,868,42,0,25 26 27 28 29 30,0
56000,'3e571d0e2f4c2c455f11',1123,,874,24,0,25 26 27 28 29 30,0,200,,875,24,0,25 26 27 28 29 30,0,400,,872,24,0,25 26 27 28 29 30,0,185,,873,24,0,25 26 27 28 29 30,0
56000,'4a4d6b041568797e730d',818,,879,37,0,25 26 27 28 29 30,0,194,,880,40,0,25 26 27 28 29 30,0
56000,'79202867750764183662',827,,1012,37,0,25 26 27 28 29 30,0,204,,1013,40,0,25 26 27 28 29 30,0,705,,1008,24,0,25 26 27 28 29 30,0,18,,1007,41,0,25 26 27 28 29 30,0,162,,1009,24,0,25 26 27 28 29 30,0
