55000,'0a067c057b2b05087239',736,,801,20,0,35 45 116,0
55000,'1a223768176411647430',1826,,805,21,0,35 45 116,0
55000,'1e386a27476c5b6e1461',745,,822,13,0,35 36 37,0,5,,821,7,0,35 36 37,0
55000,'1e7832711c690d2e452a',1731,,814,22,0,35 45 116,0,74,,815,14,0,35 45 116,0,126,,817,22,0,35 45 116,0
55000,'2943795d360756687162',936,,803,20,0,35 45 116,0,100,,804,20,0,35 45 116,0,300,,802,25,0,35 45 116,0
55000,'31744f7e5638320a2d4c',1405,,809,14,0,35 45 116,0
55000,'56061576073054406d39',1826,,818,21,0,35 45 116,0
55300,'1e386a27476c5b6e1461',649,,850,13,0,25 26 27 28 29 30,0,92,,852,14,0,25 26 27 28 29 30,0
55300,'2f16807a52596335736c',1411,,848,14,0,25 26 27 28 29 30,0
55300,'59737b0d0f044b52693e',641,,849,14,0,25 26 27 28 29 30,0
