56001,'06752747777a051e0436',1815,,1016,17,0,8 9,0
56001,'0b787c403733425e476a',1805,,571,17,0,8 9,0
56001,'23296d7c775227723c50',1235,,1020,17,0,8 9,0,577,,1018,6,0,8 9,0
56001,'3d034810783c227d733e',1222,,568,17,0,8 9,0,590,,566,6,0,8 9,0
56001,'5e7252525b680b0d0608',650,,563,7,0,8 9,0
56001,'79202867750764183662',653,,1029,7,0,8 9,0
56900,'385c656911630e4e5b28',640,,1057,6,0,8 9,0,1170,,1058,6,0,8 9,0
56900,'3e571d0e2f4c2c455f11',640,,602,6,0,8 9,0,1170,,603,6,0,8 9,0
56900,'5e7252525b680b0d0608',857,,604,14,0,31 32,0,575,,605,14,0,31 32,0
56900,'79202867750764183662',857,,1059,14,0,31 32,0,575,,1060,14,0,31 32,0
