56100,'06752747777a051e0436',1240,,1034,6,0,10 11 12,0
56100,'23296d7c775227723c50',1140,,1035,6,0,10 11 12,0
56100,'262a54422e7775120a3d',1240,,577,6,0,10 11 12,0
56100,'385c656911630e4e5b28',1710,,1036,6,0,10 11 12,0
56100,'3d034810783c227d733e',1140,,576,6,0,10 11 12,0
56100,'3e571d0e2f4c2c455f11',1710,,573,6,0,10 11 12,0
56100,'4a4d6b041568797e730d',1555,,574,6,0,10 11 12,0,185,,575,6,0,10 11 12,0
56100,'79202867750764183662',1555,,1037,6,0,10 11 12,0,170,,1038,6,0,10 11 12,0
56900,'4a4d6b041568797e730d',820,,604,6,0,31 32,0,535,,605,6,0,31 32,0
56900,'79202867750764183662',820,,1059,6,0,31 32,0,535,,1060,6,0,31 32,0
