55000,'0a067c057b2b05087239',744,,801,21,0,35 45 116,0
55000,'1a223768176411647430',1834,,805,22,0,35 45 116,0
55000,'1e386a27476c5b6e1461',745,,819,1,0,35 36 37,0
55000,'1e7832711c690d2e452a',1736,,814,23,0,35 45 116,0,74,,816,15,0,78 19,0,126,,817,23,0,35 45 116,0
55000,'2943795d360756687162',944,,803,21,0,35 45 116,0,100,,804,21,0,35 45 116,0,300,,802,26,0,35 45 116,0
55000,'31744f7e5638320a2d4c',1410,,808,10,0,78 19,0
55000,'56061576073054406d39',1834,,818,22,0,35 45 116,0
55300,'1e386a27476c5b6e1461',653,,851,9,0,25 26 27 28 29 30,0,95,,852,15,0,25 26 27 28 29 30,0
55300,'2f16807a52596335736c',1418,,848,15,0,25 26 27 28 29 30,0
55300,'59737b0d0f044b52693e',648,,849,15,0,25 26 27 28 29 30,0
