54001,'0a2e2246543d0b4e297d',1025,,784,2,0,60 64,0,200,,785,2,0,60 64,0,200,,786,2,0,60 64,0
54001,'0e5131610429337c0530',810,,762,2,0,35 36 37,0
54001,'1e386a27476c5b6e1461',740,,790,2,0,35 45 116,0,895,,787,2,0,58 59,0,105,,788,2,0,58 59,0
54001,'20650565243b6617121a',1020,,765,2,0,58 59,0,225,,764,2,0,58 59,0
54001,'2a2423055d636f354b6d',730,,781,2,0,58 59,0,190,,782,2,0,58 59,0,200,,783,2,0,47 48,0,105,,770,2,0,58 59,0,25,,771,2,0,58 59,0,75,,772,2,0,58 59,0,95,,773,2,0,58 59,0,100,,774,2,0,47 48,0,135,,775,2,0,58 59,0,70,,776,2,0,47 48,0,30,,777,2,0,58 59,0,70,,778,2,0,58 59,0,15,,779,2,0,58 59,0,95,,780,2,0,58 59,0
54001,'2f16807a52596335736c',640,,763,2,0,58 59,0
54001,'31744f7e5638320a2d4c',1245,,766,2,0,58 59,0
54001,'456016522757102f7256',820,,769,2,0,58 59,0,805,,768,2,0,58 59,0
54001,'705c7f50195b7058446b',925,,767,2,0,60 64,0
55301,'2f16807a52596335736c',1216,,853,2,0,140 19 145 146,0,600,,854,2,0,140 19 145 146,0
57301,'2a2423055d636f354b6d',815,,666,2,0,55 19 57,0,400,,667,2,0,55 19 57,0,600,,668,2,0,55 19 57,0
57301,'321e5f70685c1473436a',1715,,671,2,0,55 19 57,0
57401,'1e386a27476c5b6e1461',1627,,683,2,0,41 42 43,0
57401,'2943795d360756687162',1717,,678,2,0,41 42 43,0
57401,'2a2423055d636f354b6d',832,,680,2,0,41 42 43,0,390,,681,2,0,41 42 43,0,595,,682,2,0,41 42 43,0
