53001,'1e386a27476c5b6e1461',642,,204,4,0,123 121 124,0,610,,201,4,0,118 26 119,0,395,,202,4,0,118 26 119,0,95,,203,4,0,118 26 119,0,3,,205,4,0,118 26 119,0,100,,206,4,0,118 26 119,0
53001,'20650565243b6617121a',927,,186,4,0,118 26 119,0,200,,187,4,0,118 26 119,0
53001,'2a2423055d636f354b6d',827,,196,4,0,118 26 119,0,100,,197,4,0,118 26 119,0,100,,198,4,0,118 26 119,0,205,,199,4,0,118 26 119,0,5,,200,4,0,118 26 119,0,95,,188,4,0,118 26 119,0,95,,189,4,0,118 26 119,0,200,,190,4,0,118 26 119,0,25,,191,4,0,118 26 119,0,100,,192,4,0,118 26 119,0,73,,193,4,0,118 26 119,0,27,,194,4,0,118 26 119,0,95,,195,4,0,118 26 119,0
53001,'2f16807a52596335736c',742,,208,4,0,118 26 119,0,1058,,207,4,0,118 26 119,0
53001,'31744f7e5638320a2d4c',1257,,185,4,0,118 26 119,0
53001,'456016522757102f7256',1527,,184,4,0,118 26 119,0
53001,'7534570776257980407b',1729,,183,4,0,118 26 119,0
57101,'1e386a27476c5b6e1461',831,,923,4,0,51 52,0
57101,'2a2423055d636f354b6d',851,,917,4,0,51 52,0,402,,918,4,0,51 52,0,194,,919,9,0,51 52,0,310,,920,9,0,51 52,0,100,,921,9,0,51 52,0,63,,922,9,0,51 52,0
57201,'1e386a27476c5b6e1461',1647,,652,2,0,136 137 138,0
57201,'1f5759673f12020b0a50',1817,,653,2,0,136 121 139,0
57201,'2f16807a52596335736c',827,,654,2,0,136 121 139,0,420,,655,2,0,136 121 139,0,500,,656,2,0,136 121 139,0,100,,657,2,0,136 121 139,0
