55000,'0a067c057b2b05087239',655,,801,2,0,35 45 116,0
55000,'1a223768176411647430',1745,,805,3,0,35 45 116,0
55000,'1e386a27476c5b6e1461',710,,822,2,0,35 36 37,0
55000,'1e7832711c690d2e452a',1630,,814,2,0,35 45 116,0,100,,815,2,0,35 45 116,0,100,,817,2,0,35 45 116,0
55000,'2943795d360756687162',855,,803,2,0,35 45 116,0,100,,804,2,0,35 45 116,0,300,,802,7,0,35 45 116,0
55000,'31744f7e5638320a2d4c',1330,,809,2,0,35 45 116,0
55000,'56061576073054406d39',1745,,818,3,0,35 45 116,0
55001,'1e386a27476c5b6e1461',720,,847,11,0,123 121 124,0,1128,,845,15,0,129 36 130,0
55001,'1e7832711c690d2e452a',1748,,842,15,0,129 36 130,0
55001,'2943795d360756687162',809,,824,20,0,123 121 124,0,105,,825,20,0,125 126 45 127,0,140,,826,20,0,125 126 45 127,0,785,,823,21,0,125 126 45 127,0
55001,'2a2423055d636f354b6d',1624,,836,21,0,125 126 45 127,0
55001,'31744f7e5638320a2d4c',1408,,831,15,0,129 36 130,0
55001,'56061576073054406d39',1359,,843,21,0,125 126 45 127,0
55001,'6e2807222c1c15364847',1359,,832,21,0,125 126 45 127,0
55300,'1e386a27476c5b6e1461',615,,850,1,0,25 26 27 28 29 30,0
55301,'1e386a27476c5b6e1461',1826,,859,12,0,129 131 132,0,115,,860,23,0,129 131 132,0
55301,'31744f7e5638320a2d4c',1326,,855,12,0,129 131 132,0
