54001,'0a2e2246543d0b4e297d',1043,,784,7,0,60 64,0,200,,785,7,0,60 64,0,200,,786,7,0,60 64,0
54001,'20650565243b6617121a',1041,,765,7,0,58 59,0
54001,'2a2423055d636f354b6d',751,,781,7,0,58 59,0,190,,782,7,0,58 59,0,200,,783,7,0,47 48,0,170,,771,7,0,58 59,0,35,,772,7,0,58 59,0,95,,773,7,0,58 59,0,100,,774,7,0,47 48,0,175,,775,7,0,58 59,0,100,,777,7,0,58 59,0,85,,779,7,0,58 59,0,55,,780,7,0,58 59,0
54001,'2f16807a52596335736c',701,,763,7,0,58 59,0
54001,'456016522757102f7256',841,,769,7,0,58 59,0
54001,'705c7f50195b7058446b',943,,767,7,0,60 64,0
54300,'2a2423055d636f354b6d',745,,791,24,0,35 45 116,0
57400,'1e386a27476c5b6e1461',648,,676,3,0,25 26 27 28 29 30,0
57400,'2a2423055d636f354b6d',708,,672,5,0,25 26 27 28 29 30,0
57401,'1e386a27476c5b6e1461',1656,,683,12,0,41 42 43,0,145,,684,9,0,41 42 43,0,100,,685,9,0,41 42 43,0
57401,'2943795d360756687162',1738,,678,9,0,41 42 43,0
57401,'2a2423055d636f354b6d',853,,680,9,0,41 42 43,0,390,,681,9,0,41 42 43,0,595,,682,9,0,41 42 43,0
57401,'31744f7e5638320a2d4c',1301,,679,9,0,41 42 43,0
