56000,'0a3c663a7d504d200835',1525,,861,9,0,25 26 27 28 29 30,0
56000,'1c2e3625233d01453772',1205,,866,11,0,20 21 22 23 24,0,440,,863,11,0,10 11 12,0
56000,'1f5759673f12020b0a50',1105,,871,9,0,20 21 22 23 24,0,200,,867,11,0,20 21 22 23 24,0,350,,868,11,0,25 26 27 28 29 30,0
56000,'3a511f30370a721b2433',1105,,541,9,0,20 21 22 23 24,0,200,,537,11,0,20 21 22 23 24,0,350,,538,11,0,25 26 27 28 29 30,0
56000,'4f0277002864772e6462',559,,877,3,0,10 11 12,0,241,,880,9,0,25 26 27 28 29 30,0,725,,876,9,0,25 26 27 28 29 30,0
56000,'69181125652d7e4d6a80',1205,,550,11,0,20 21 22 23 24,0,440,,547,11,0,10 11 12,0
56000,'702c275e051204394d01',559,,553,3,0,10 11 12,0,241,,555,9,0,25 26 27 28 29 30,0,725,,551,9,0,25 26 27 28 29 30,0
56001,'1b214b1416243d502f16',1451,,569,23,0,5 6 7,0
56001,'50521e56012a80000201',927,,564,32,0,5 6 7,0,184,,565,32,0,8 9,0,741,,561,32,0,8 9,0,174,,562,32,0,8 9,0
56001,'5a1a4e292a436d472b15',1351,,572,23,0,5 6 7,0
56600,'1b214b1416243d502f16',1126,,594,4,0,10 11 12,0
56600,'4e3d4c28307d7d150c33',1515,,589,12,0,10 11 12,0,127,,590,8,0,10 11 12,0
56600,'50521e56012a80000201',809,,591,3,0,10 11 12,0,140,,592,3,0,10 11 12,0,567,,593,4,0,10 11 12,0
56600,'5a1a4e292a436d472b15',1226,,595,4,0,10 11 12,0
56601,'1b214b1416243d502f16',1236,,600,8,0,13 14 2 15,0
56601,'4e3d4c28307d7d150c33',1100,,596,8,0,5 6 7,0,340,,597,8,0,8 9,0
56601,'50521e56012a80000201',1746,,598,8,0,13 14 2 15,0,90,,599,8,0,16 17,0
56601,'5a1a4e292a436d472b15',1336,,601,8,0,13 14 2 15,0
56900,'50521e56012a80000201',941,,604,22,0,31 32,0,575,,605,22,0,31 32,0
56901,'50521e56012a80000201',1255,,609,4,0,18 19,0,455,,610,4,0,18 19,0
