52000,'1e386a27476c5b6e1461',624,,706,2,0,25 26 27 28 29 30,0,7,,707,11,0,25 26 27 28 29 30,0
52000,'1f5759673f12020b0a50',1350,,702,11,0,25 26 27 28 29 30,0
52000,'2f16807a52596335736c',512,,693,2,0,25 26 27 28 29 30,0,94,,696,10,0,25 26 27 28 29 30,0,33,,697,2,0,25 26 27 28 29 30,0,72,,698,11,0,25 26 27 28 29 30,0,137,,700,2,0,25 26 27 28 29 30,0,200,,687,2,0,25 26 27 28 29 30,0,200,,689,2,0,25 26 27 28 29 30,0,198,,690,10,0,25 26 27 28 29 30,0,298,,692,2,0,25 26 27 28 29 30,0,197,,695,10,0,25 26 27 28 29 30,0
56000,'06752747777a051e0436',1859,,995,28,0,25 26 27 28 29 30,0
56000,'16637e0e2315066c486c',1715,,876,34,0,25 26 27 28 29 30,0
56000,'23296d7c775227723c50',1904,,999,36,0,25 26 27 28 29 30,0
56000,'262a54422e7775120a3d',1859,,864,28,0,25 26 27 28 29 30,0
56000,'26326379431d56734a7b',1715,,861,35,0,25 26 27 28 29 30,0
56000,'385c656911630e4e5b28',1101,,1005,18,0,25 26 27 28 29 30,0,200,,1006,18,0,25 26 27 28 29 30,0,400,,1003,18,0,25 26 27 28 29 30,0,145,,1004,18,0,25 26 27 28 29 30,0
56000,'3d034810783c227d733e',1847,,868,36,0,25 26 27 28 29 30,0
56000,'3e571d0e2f4c2c455f11',1101,,874,18,0,25 26 27 28 29 30,0,200,,875,18,0,25 26 27 28 29 30,0,400,,872,18,0,25 26 27 28 29 30,0,145,,873,18,0,25 26 27 28 29 30,0
56000,'4a4d6b041568797e730d',756,,879,31,0,25 26 27 28 29 30,0,194,,880,34,0,25 26 27 28 29 30,0
56000,'79202867750764183662',805,,1012,31,0,25 26 27 28 29 30,0,204,,1013,34,0,25 26 27 28 29 30,0,705,,1008,18,0,25 26 27 28 29 30,0,18,,1007,35,0,25 26 27 28 29 30,0,122,,1009,18,0,25 26 27 28 29 30,0
