52400,'046347357d327122267c',855,,155,6,0,20 73 74,0
56000,'06752747777a051e0436',1113,,996,22,0,20 21 22 23 24,0,230,,997,30,0,20 21 22 23 24,0,191,,993,25,0,20 21 22 23 24,0,304,,995,22,0,25 26 27 28 29 30,0
56000,'0b787c403733425e476a',1103,,865,22,0,20 21 22 23 24,0,235,,866,30,0,20 21 22 23 24,0,181,,862,25,0,20 21 22 23 24,0,322,,864,22,0,25 26 27 28 29 30,0
56000,'23296d7c775227723c50',1043,,1001,22,0,20 21 22 23 24,0,200,,1002,28,0,20 21 22 23 24,0,200,,998,30,0,20 21 22 23 24,0,400,,999,30,0,25 26 27 28 29 30,0
56000,'26326379431d56734a7b',1658,,861,29,0,25 26 27 28 29 30,0
56000,'385c656911630e4e5b28',1045,,1005,12,0,25 26 27 28 29 30,0,200,,1006,12,0,25 26 27 28 29 30,0,400,,1003,12,0,25 26 27 28 29 30,0,185,,1004,12,0,25 26 27 28 29 30,0
56000,'3d034810783c227d733e',1043,,870,22,0,20 21 22 23 24,0,195,,871,28,0,20 21 22 23 24,0,200,,867,30,0,20 21 22 23 24,0,392,,868,30,0,25 26 27 28 29 30,0
56000,'3e571d0e2f4c2c455f11',1045,,874,12,0,25 26 27 28 29 30,0,200,,875,12,0,25 26 27 28 29 30,0,400,,872,12,0,25 26 27 28 29 30,0,185,,873,12,0,25 26 27 28 29 30,0
56000,'43417d1b6169256b1344',1658,,876,28,0,25 26 27 28 29 30,0
56000,'5e7252525b680b0d0608',739,,879,25,0,25 26 27 28 29 30,0,194,,880,28,0,25 26 27 28 29 30,0,1095,,878,22,0,20 21 22 23 24,0
56000,'79202867750764183662',744,,1012,25,0,25 26 27 28 29 30,0,204,,1013,28,0,25 26 27 28 29 30,0,710,,1008,12,0,25 26 27 28 29 30,0,49,,1007,29,0,25 26 27 28 29 30,0,131,,1009,12,0,25 26 27 28 29 30,0,205,,1011,22,0,20 21 22 23 24,0
