56001,'06752747777a051e0436',1425,,1014,28,0,5 6 7,0,191,,1015,25,0,8 9,0,215,,1016,21,0,8 9,0
56001,'0b787c403733425e476a',1409,,572,28,0,5 6 7,0,191,,570,25,0,8 9,0,221,,571,21,0,8 9,0
56001,'23296d7c775227723c50',1041,,1019,25,0,8 9,0,210,,1020,21,0,8 9,0,274,,1017,28,0,5 6 7,0,303,,1018,10,0,8 9,0
56001,'3d034810783c227d733e',1028,,567,25,0,8 9,0,210,,568,21,0,8 9,0,271,,569,28,0,5 6 7,0,319,,566,10,0,8 9,0
56001,'5e7252525b680b0d0608',706,,563,11,0,8 9,0,239,,564,37,0,5 6 7,0,184,,565,37,0,8 9,0,612,,560,25,0,8 9,0,169,,561,37,0,8 9,0,134,,562,37,0,8 9,0
56001,'79202867750764183662',709,,1029,11,0,8 9,0,305,,1030,37,0,5 6 7,0,136,,1032,37,0,8 9,0,591,,1026,25,0,8 9,0,188,,1027,37,0,8 9,0,176,,1028,37,0,8 9,0
56601,'385c656911630e4e5b28',1133,,1053,14,0,5 6 7,0,320,,1054,13,0,8 9,0
56601,'3e571d0e2f4c2c455f11',1133,,596,14,0,5 6 7,0,320,,597,13,0,8 9,0
56900,'385c656911630e4e5b28',703,,1057,10,0,8 9,0,1130,,1058,10,0,8 9,0
56900,'3e571d0e2f4c2c455f11',703,,602,10,0,8 9,0,1130,,603,10,0,8 9,0
