50000,'4f0277002864772e6462',735,,926,16,4,,0,85,,927,16,4,,0,200,,928,18,4,,0,127,,929,13,4,,0,193,,930,16,4,,0,310,,931,16,4,,0,100,,932,18,4,,0
50001,'4f0277002864772e6462',740,,933,1,0,90 26 91,0,80,,934,1,0,92 93,0,400,,935,1,0,90 26 91,0,195,,936,1,0,90 26 91,0,200,,937,1,0,90 26 91,0,115,,938,1,0,90 26 91,0,100,,939,1,0,90 26 91,0
50300,'1c2e3625233d01453772',740,,24,18,4,,0,80,,25,20,4,,0,130,,26,6,4,,0,400,,27,13,4,,0,155,,28,20,4,,0,254,,22,21,4,,0,176,,23,21,4,,0
50300,'1f5759673f12020b0a50',820,,21,21,4,,0,710,,19,22,4,,0,420,,20,22,4,,0
50300,'4f0277002864772e6462',1154,,16,19,4,,0,501,,15,22,4,,0
50300,'7f443a14596255477616',720,,18,7,4,,0
50301,'1c2e3625233d01453772',755,,39,1,0,85 86,0,485,,40,1,0,87 88 89,0,370,,41,1,0,85 133,0,200,,38,1,0,85 86,0
50301,'1f5759673f12020b0a50',1240,,37,1,0,87 88 128,0,595,,36,1,0,85 86,0
50301,'4f0277002864772e6462',1005,,30,1,0,85 133,0,400,,31,1,0,87 88 128,0,305,,32,1,0,87 88 128,0
50301,'59737b0d0f044b52693e',1835,,29,1,0,85 86,0
50301,'7f443a14596255477616',1620,,34,1,0,85 86,0,110,,35,1,0,85 86,0,105,,33,1,0,87 88 128,0
51200,'7f443a14596255477616',720,,78,6,4,,0
51201,'1c2e3625233d01453772',1730,,87,1,0,107 38,0
51201,'31744f7e5638320a2d4c',1240,,82,1,0,107 38,0
51201,'7f443a14596255477616',1830,,83,1,0,107 38,0
52000,'1c2e3625233d01453772',555,,693,16,4,,0,160,,696,26,4,,0,30,,697,19,4,,0,75,,698,27,4,,0,180,,700,19,4,,0,153,,687,16,4,,0,247,,689,19,4,,0,150,,690,24,4,,0,350,,692,21,4,,0,145,,695,24,4,,0
52000,'1f5759673f12020b0a50',1455,,702,25,4,,0
52000,'7f443a14596255477616',720,,706,13,4,,0
52001,'1c2e3625233d01453772',730,,718,1,0,20 21 22 23 24,0,75,,720,1,0,20 21 22 23 24,0,200,,722,1,0,20 21 22 23 24,0,210,,708,1,0,98 50,0,30,,709,1,0,20 21 22 23 24,0,160,,710,1,0,20 21 22 23 24,0,200,,712,1,0,98 50,0,225,,714,1,0,97 36,0,15,,715,1,0,20 21 22 23 24,0,85,,716,1,0,20 21 22 23 24,0
52001,'1f5759673f12020b0a50',1105,,727,1,0,97 36,0
52001,'31744f7e5638320a2d4c',1240,,729,1,0,20 21 22 23 24,0
52001,'59737b0d0f044b52693e',1730,,730,1,0,98 50,0
52001,'7f443a14596255477616',1630,,732,1,0,20 21 22 23 24,0,100,,734,1,0,20 21 22 23 24,0
53000,'1c2e3625233d01453772',715,,181,29,4,,0,100,,182,29,4,,0
53000,'20650565243b6617121a',1245,,166,28,4,,0
53000,'4b486d3f75551347753d',1045,,165,28,4,,0,600,,163,28,4,,0,200,,164,28,4,,0
53000,'4f0277002864772e6462',740,,176,29,4,,0,5,,175,14,4,,0,105,,177,28,4,,0,95,,178,29,4,,0,200,,167,28,4,,0,100,,168,29,4,,0,100,,169,28,4,,0,105,,170,28,4,,0,95,,171,29,4,,0,200,,172,28,4,,0,185,,173,14,4,,0,20,,174,28,4,,0
53000,'7f443a14596255477616',720,,179,14,4,,0,100,,180,14,4,,0
53001,'1c2e3625233d01453772',725,,208,1,0,118 26 119,0,1020,,207,1,0,118 26 119,0
53001,'20650565243b6617121a',910,,186,1,0,118 26 119,0,200,,187,1,0,118 26 119,0
53001,'31744f7e5638320a2d4c',1240,,185,1,0,118 26 119,0
53001,'4b486d3f75551347753d',1510,,184,1,0,118 26 119,0
53001,'4f0277002864772e6462',810,,196,1,0,118 26 119,0,100,,197,1,0,118 26 119,0,100,,198,1,0,118 26 119,0,205,,199,1,0,118 26 119,0,5,,200,1,0,118 26 119,0,95,,188,1,0,118 26 119,0,95,,189,1,0,118 26 119,0,200,,190,1,0,118 26 119,0,25,,191,1,0,118 26 119,0,100,,192,1,0,118 26 119,0,75,,193,1,0,118 26 119,0,25,,194,1,0,118 26 119,0,95,,195,1,0,118 26 119,0
53001,'7534570776257980407b',1710,,183,1,0,118 26 119,0
53001,'7f443a14596255477616',625,,204,1,0,123 121 124,0,610,,201,1,0,118 26 119,0,395,,202,1,0,118 26 119,0,80,,203,1,0,118 26 119,0,20,,205,1,0,118 26 119,0,100,,206,1,0,118 26 119,0
54000,'2a21514a4e2b3103627a',1745,,735,19,4,,0
54000,'31744f7e5638320a2d4c',1330,,736,8,4,,0
54000,'3405324d4148757b0d18',1330,,737,7,4,,0
54000,'3b110f002e63067b2820',1935,,738,14,4,,0
54000,'4222041c237916795e5b',1745,,739,18,4,,0
54000,'4b486d3f75551347753d',945,,740,18,4,,0,200,,741,18,4,,0
54000,'4f0277002864772e6462',730,,749,16,4,,0,15,,750,16,4,,0,75,,751,16,4,,0,25,,752,16,4,,0,200,,753,21,4,,0,300,,742,18,4,,0,110,,743,18,4,,0,90,,744,21,4,,0,100,,745,18,4,,0,200,,746,19,4,,0,75,,747,18,4,,0,25,,748,21,4,,0
54000,'553d275f1455102c362a',1725,,754,2,4,,0
54000,'56061576073054406d39',1330,,755,7,4,,0
54000,'5839460d757725570f41',1545,,756,18,4,,0
54000,'6f166c68066d266f1856',1235,,757,14,4,,0,400,,758,14,4,,0,95,,759,14,4,,0
54000,'7f443a14596255477616',720,,760,17,4,,0,1105,,761,2,4,,0
54001,'0e5131610429337c0530',800,,762,1,0,35 36 37,0
54001,'1c2e3625233d01453772',630,,763,1,0,58 59,0
54001,'20650565243b6617121a',1010,,765,1,0,58 59,0,225,,764,1,0,58 59,0
54001,'31744f7e5638320a2d4c',1235,,766,1,0,58 59,0
54001,'3b110f002e63067b2820',916,,767,1,0,60 64,0
54001,'4b486d3f75551347753d',810,,769,1,0,58 59,0,805,,768,1,0,58 59,0
54001,'4f0277002864772e6462',720,,781,1,0,58 59,0,195,,782,1,0,58 59,0,200,,783,1,0,47 48,0,100,,770,1,0,58 59,0,30,,771,1,0,58 59,0,70,,772,1,0,58 59,0,95,,773,1,0,58 59,0,105,,774,1,0,47 48,0,130,,775,1,0,58 59,0,70,,776,1,0,47 48,0,30,,777,1,0,58 59,0,70,,778,1,0,58 59,0,15,,779,1,0,58 59,0,100,,780,1,0,58 59,0
54001,'6f166c68066d266f1856',1015,,784,1,0,60 64,0,201,,785,1,0,60 64,0,200,,786,1,0,60 64,0
54001,'7f443a14596255477616',730,,790,1,0,35 45 116,0,900,,787,1,0,58 59,0,100,,788,1,0,58 59,0
54200,'1c2e3625233d01453772',820,,400,24,4,,0
54200,'4f0277002864772e6462',745,,392,24,4,,0,110,,393,20,4,,0,300,,394,18,4,,0,190,,395,26,4,,0,310,,396,24,4,,0,175,,391,24,4,,0
54200,'7f443a14596255477616',720,,397,9,4,,0,35,,399,16,4,,0
54201,'1c2e3625233d01453772',700,,411,1,0,33 19 34,0
54201,'31744f7e5638320a2d4c',1230,,401,1,0,33 19 34,0
54201,'4f0277002864772e6462',810,,404,1,0,33 19 34,0,400,,405,1,0,33 19 34,0,195,,406,1,0,33 19 34,0,305,,407,1,0,33 19 34,0,35,,408,1,0,33 19 34,0,65,,402,1,0,33 19 34,0,35,,403,1,0,33 19 34,0
54201,'7f443a14596255477616',1620,,409,1,0,33 19 34,0,110,,410,1,0,33 19 34,0
55300,'1c2e3625233d01453772',1450,,848,20,4,,0
55300,'59737b0d0f044b52693e',720,,849,20,4,,0
55300,'7f443a14596255477616',720,,851,12,4,,0,100,,852,20,4,,0
55301,'1c2e3625233d01453772',1210,,853,1,0,140 19 145 146,0,600,,854,1,0,140 19 145 146,0
55301,'31744f7e5638320a2d4c',1230,,856,1,0,117 147,0
55301,'7f443a14596255477616',1620,,857,1,0,140 19 145 146,0,110,,858,1,0,117 147,0,100,,860,1,0,129 131 132,0
56000,'0a3c663a7d504d200835',1804,,861,43,4,,0
56000,'1c2e3625233d01453772',1948,,864,36,4,,0
56000,'1f5759673f12020b0a50',1936,,868,44,4,,0
56000,'3823594e52252d7f6b14',1150,,874,26,4,,0,200,,875,26,4,,0,400,,872,26,4,,0,185,,873,26,4,,0
56000,'4f0277002864772e6462',845,,879,39,4,,0,194,,880,42,4,,0,765,,876,42,4,,0
56001,'3823594e52252d7f6b14',830,,558,1,0,67 19 23 68,0,385,,559,1,0,67 19 23 68,0,200,,556,1,0,67 37,0,405,,557,1,0,67 37,0
56001,'4f0277002864772e6462',650,,564,1,0,5 6 7,0,180,,565,1,0,8 9,0,785,,561,1,0,8 9,0,130,,562,1,0,8 9,0
57000,'4f0277002864772e6462',720,,891,17,4,,0,30,,889,8,4,,0,75,,890,17,4,,0,25,,892,8,4,,0,200,,893,8,4,,0,105,,894,17,4,,0,200,,895,17,4,,0,200,,896,17,4,,0,255,,887,17,4,,0,40,,888,17,4,,0
57000,'7f443a14596255477616',720,,897,4,4,,0
57001,'31744f7e5638320a2d4c',1235,,898,1,0,44 45 46,0
57001,'4f0277002864772e6462',745,,901,1,0,106 17,0,65,,902,1,0,44 45 46,0,100,,903,1,0,106 17,0,300,,904,1,0,44 45 46,0,400,,905,1,0,44 45 46,0,100,,906,1,0,44 45 46,0,100,,899,1,0,44 45 46,0,40,,900,1,0,44 45 46,0
57001,'7f443a14596255477616',1630,,908,1,0,44 45 46,0,100,,909,1,0,44 45 46,0,100,,907,1,0,44 45 46,0
57100,'4f0277002864772e6462',735,,910,9,4,,0,405,,912,14,4,,0,215,,913,9,4,,0,285,,914,14,4,,0,115,,915,9,4,,0
57101,'4f0277002864772e6462',825,,917,1,0,51 52,0,585,,919,1,0,51 52,0,300,,920,1,0,51 52,0,100,,921,1,0,51 52,0,35,,922,1,0,51 52,0
57200,'184134507f4517151633',740,,924,6,4,,0
57200,'1c2e3625233d01453772',1745,,651,6,4,,0
57200,'4f0277002864772e6462',1345,,648,6,4,,0
57200,'7f443a14596255477616',715,,649,6,4,,0,105,,650,6,4,,0
57201,'1c2e3625233d01453772',810,,654,1,0,136 121 139,0,420,,655,1,0,136 121 139,0,500,,656,1,0,136 121 139,0,100,,657,1,0,136 121 139,0
57201,'1f5759673f12020b0a50',1800,,653,1,0,136 121 139,0
57201,'7f443a14596255477616',1630,,652,1,0,136 137 138,0
57300,'4f0277002864772e6462',750,,658,17,4,,0,660,,659,17,4,,0,340,,660,17,4,,0
57300,'7f443a14596255477616',720,,661,7,4,,0,100,,663,17,4,,0
57301,'31744f7e5638320a2d4c',1230,,665,1,0,55 56,0
57301,'3f575e1f5f6d63575f07',1705,,671,1,0,55 19 57,0
57301,'494a652c1e455e3d7c72',1830,,664,1,0,55 56,0
57301,'4f0277002864772e6462',805,,666,1,0,55 19 57,0,400,,667,1,0,55 19 57,0,600,,668,1,0,55 19 57,0
57301,'7f443a14596255477616',1620,,669,1,0,55 56,0,110,,670,1,0,55 56,0
57400,'184134507f4517151633',720,,925,11,4,,0
57400,'4f0277002864772e6462',745,,672,13,4,,0,595,,673,11,4,,0,415,,674,11,4,,0
57400,'7f443a14596255477616',720,,675,5,4,,0,105,,677,11,4,,0
57401,'14187635613e43612170',1710,,678,1,0,41 42 43,0
57401,'31744f7e5638320a2d4c',1230,,679,1,0,41 42 43,0
57401,'4f0277002864772e6462',825,,680,1,0,41 42 43,0,390,,681,1,0,41 42 43,0,595,,682,1,0,41 42 43,0
57401,'7f443a14596255477616',1620,,683,1,0,41 42 43,0,110,,684,1,0,41 42 43,0,100,,685,1,0,41 42 43,0
