56000,'4f0277002864772e6462',606,,877,5,0,10 11 12,0
56000,'702c275e051204394d01',606,,553,5,0,10 11 12,0
56600,'1b214b1416243d502f16',1137,,594,7,0,10 11 12,0
56600,'4e3d4c28307d7d150c33',1526,,589,15,0,10 11 12,0,174,,590,11,0,10 11 12,0
56600,'50521e56012a80000201',820,,591,6,0,10 11 12,0,180,,592,6,0,10 11 12,0,527,,593,7,0,10 11 12,0
56600,'5a1a4e292a436d472b15',1237,,595,7,0,10 11 12,0
56601,'1b214b1416243d502f16',1225,,600,5,0,13 14 2 15,0
56601,'4e3d4c28307d7d150c33',1050,,596,5,0,5 6 7,0,380,,597,5,0,8 9,0
56601,'50521e56012a80000201',1735,,598,5,0,13 14 2 15,0,90,,599,5,0,16 17,0
56601,'5a1a4e292a436d472b15',1325,,601,5,0,13 14 2 15,0
56900,'50521e56012a80000201',956,,604,25,4,,0,575,,605,25,4,,0
56901,'50521e56012a80000201',1245,,609,1,0,18 19,0,455,,610,1,0,18 19,0
