56000,'0a3c663a7d504d200835',1500,,861,1,0,25 26 27 28 29 30,0
56000,'1c2e3625233d01453772',930,,865,1,0,20 21 22 23 24,0,210,,866,3,0,20 21 22 23 24,0,190,,862,1,0,20 21 22 23 24,0,290,,863,3,0,10 11 12,0,85,,864,1,0,25 26 27 28 29 30,0
56000,'1f5759673f12020b0a50',915,,870,1,0,20 21 22 23 24,0,125,,871,1,0,20 21 22 23 24,0,200,,867,3,0,20 21 22 23 24,0,390,,868,3,0,25 26 27 28 29 30,0,70,,869,1,0,75 76 77,0
56000,'4f0277002864772e6462',540,,877,1,0,10 11 12,0,10,,879,1,0,25 26 27 28 29 30,0,185,,880,1,0,25 26 27 28 29 30,0,765,,876,1,0,25 26 27 28 29 30,0,355,,878,1,0,20 21 22 23 24,0
56001,'1c2e3625233d01453772',1416,,572,31,0,5 6 7,0,191,,570,28,4,,0,221,,571,24,4,,0
56001,'1f5759673f12020b0a50',1035,,567,28,4,,0,214,,568,24,4,,0,267,,569,31,0,5 6 7,0,319,,566,13,4,,0
56001,'4f0277002864772e6462',713,,563,14,4,,0,239,,564,40,0,5 6 7,0,184,,565,40,4,,0,612,,560,28,4,,0,169,,561,40,4,,0,134,,562,40,4,,0
56600,'3823594e52252d7f6b14',1437,,589,3,0,10 11 12,0,188,,590,1,0,10 11 12,0
56601,'3823594e52252d7f6b14',1140,,596,17,0,5 6 7,0,360,,597,16,4,,0
56900,'3823594e52252d7f6b14',710,,602,13,4,,0,1130,,603,13,4,,0
56901,'3823594e52252d7f6b14',925,,606,1,0,10 11 12,0,730,,607,1,0,75 76 77,0,200,,608,1,0,10 11 12,0
