56000,'06752747777a051e0436',1112,,996,21,0,20 21 22 23 24,0,230,,997,29,0,20 21 22 23 24,0,191,,993,24,0,20 21 22 23 24,0,304,,995,21,0,25 26 27 28 29 30,0
56000,'0b787c403733425e476a',1102,,865,21,0,20 21 22 23 24,0,235,,866,29,0,20 21 22 23 24,0,181,,862,24,0,20 21 22 23 24,0,322,,864,21,0,25 26 27 28 29 30,0
56000,'23296d7c775227723c50',1042,,1001,21,0,20 21 22 23 24,0,200,,1002,27,0,20 21 22 23 24,0,200,,998,29,0,20 21 22 23 24,0,400,,999,29,0,25 26 27 28 29 30,0
56000,'26326379431d56734a7b',1657,,861,28,0,25 26 27 28 29 30,0
56000,'385c656911630e4e5b28',1044,,1005,11,0,25 26 27 28 29 30,0,200,,1006,11,0,25 26 27 28 29 30,0,400,,1003,11,0,25 26 27 28 29 30,0,185,,1004,11,0,25 26 27 28 29 30,0
56000,'3d034810783c227d733e',1042,,870,21,0,20 21 22 23 24,0,195,,871,27,0,20 21 22 23 24,0,200,,867,29,0,20 21 22 23 24,0,392,,868,29,0,25 26 27 28 29 30,0
56000,'3e571d0e2f4c2c455f11',1044,,874,11,0,25 26 27 28 29 30,0,200,,875,11,0,25 26 27 28 29 30,0,400,,872,11,0,25 26 27 28 29 30,0,185,,873,11,0,25 26 27 28 29 30,0
56000,'43417d1b6169256b1344',1657,,876,27,0,25 26 27 28 29 30,0
56000,'5e7252525b680b0d0608',738,,879,24,0,25 26 27 28 29 30,0,194,,880,27,0,25 26 27 28 29 30,0,1095,,878,21,0,20 21 22 23 24,0
56000,'79202867750764183662',743,,1012,24,0,25 26 27 28 29 30,0,204,,1013,27,0,25 26 27 28 29 30,0,710,,1008,11,0,25 26 27 28 29 30,0,49,,1007,28,0,25 26 27 28 29 30,0,131,,1009,11,0,25 26 27 28 29 30,0,205,,1011,21,0,20 21 22 23 24,0
