54000,'2a21514a4e2b3103627a',1615,,735,1,0,25 26 27 28 29 30,0
54000,'4222041c237916795e5b',1615,,739,1,0,25 26 27 28 29 30,0
54000,'4b486d3f75551347753d',815,,740,1,0,25 26 27 28 29 30,0,200,,741,1,0,25 26 27 28 29 30,0
54000,'4f0277002864772e6462',605,,749,1,0,25 26 27 28 29 30,0,15,,750,1,0,25 26 27 28 29 30,0,35,,751,1,0,25 26 27 28 29 30,0,65,,752,1,0,25 26 27 28 29 30,0,197,,753,4,0,25 26 27 28 29 30,0,298,,742,1,0,25 26 27 28 29 30,0,110,,743,1,0,25 26 27 28 29 30,0,92,,744,4,0,25 26 27 28 29 30,0,98,,745,1,0,25 26 27 28 29 30,0,200,,746,1,0,25 26 27 28 29 30,0,35,,747,1,0,25 26 27 28 29 30,0,67,,748,4,0,25 26 27 28 29 30,0
54000,'5839460d757725570f41',1417,,756,1,0,25 26 27 28 29 30,0
54000,'7f443a14596255477616',555,,760,1,0,25 26 27 28 29 30,0
54001,'1c2e3625233d01453772',805,,763,20,4,,0
54001,'20650565243b6617121a',1145,,765,20,4,,0,265,,764,16,4,,0
54001,'31744f7e5638320a2d4c',1410,,766,17,4,,0
54001,'4b486d3f75551347753d',945,,769,20,4,,0,805,,768,16,4,,0
54001,'4f0277002864772e6462',855,,781,20,4,,0,190,,782,20,4,,0,305,,770,16,4,,0,65,,771,20,4,,0,35,,772,20,4,,0,95,,773,20,4,,0,275,,775,20,4,,0,100,,777,20,4,,0,30,,778,16,4,,0,55,,779,20,4,,0,95,,780,20,4,,0
54001,'7f443a14596255477616',1800,,787,17,4,,0,105,,788,17,4,,0
