56100,'06752747777a051e0436',1236,,1034,4,0,10 11 12,0
56100,'23296d7c775227723c50',1136,,1035,4,0,10 11 12,0
56100,'262a54422e7775120a3d',1236,,577,4,0,10 11 12,0
56100,'385c656911630e4e5b28',1706,,1036,4,0,10 11 12,0
56100,'3d034810783c227d733e',1136,,576,4,0,10 11 12,0
56100,'3e571d0e2f4c2c455f11',1706,,573,4,0,10 11 12,0
56100,'4a4d6b041568797e730d',1551,,574,4,0,10 11 12,0,185,,575,4,0,10 11 12,0
56100,'79202867750764183662',1551,,1037,4,0,10 11 12,0,170,,1038,4,0,10 11 12,0
56900,'4a4d6b041568797e730d',816,,604,4,0,31 32,0,535,,605,4,0,31 32,0
56900,'79202867750764183662',816,,1059,4,0,31 32,0,535,,1060,4,0,31 32,0
