55000,'0a067c057b2b05087239',715,,801,10,0,35 45 116,0
55000,'1a223768176411647430',1805,,805,11,0,35 45 116,0
55000,'1e386a27476c5b6e1461',725,,821,1,0,35 36 37,0,90,,464,1,0,79 80,0
55000,'1e7832711c690d2e452a',1657,,814,11,0,35 45 116,0,98,,815,11,0,35 45 116,0,102,,817,11,0,35 45 116,0
55000,'2943795d360756687162',915,,803,10,0,35 45 116,0,100,,804,10,0,35 45 116,0,300,,802,15,0,35 45 116,0
55000,'31744f7e5638320a2d4c',1355,,809,11,0,35 45 116,0
55000,'56061576073054406d39',1805,,818,11,0,35 45 116,0
55300,'1e386a27476c5b6e1461',638,,850,10,0,25 26 27 28 29 30,0,85,,852,4,0,25 26 27 28 29 30,0
55300,'2f16807a52596335736c',1353,,848,4,0,25 26 27 28 29 30,0
55300,'59737b0d0f044b52693e',623,,849,4,0,25 26 27 28 29 30,0
