500,50000,'2a2423055d636f354b6d',926,927,928,929,930,931,932
500,50001,'2a2423055d636f354b6d',933,934,935,936,937,938,939
503,50300,'135436733c0f58795678',962
503,50300,'201630040e0d516b544f',963,964,965,966
503,50300,'3c0d01540a13404e161d',22,23,24,25,26,27,28
503,50300,'4b12742d37705e172b4b',15,16
503,50300,'507a3d71694b79471d39',967,968,969,970,971,972,973,974
503,50300,'596c7672710a49294266',17,18
503,50300,'5f04741f081f58114a4e',19,20,21
503,50300,'68157e3a7f0e38333e23',975,976
503,50301,'201630040e0d516b544f',977,978,979,980,981
503,50301,'3c0d01540a13404e161d',38,39,40,41
503,50301,'4b12742d37705e172b4b',30,31,32
503,50301,'4c7d47006519742b4231',982
503,50301,'507a3d71694b79471d39',983,984,985,986,987,988,989
503,50301,'54671a3201207c557567',29
503,50301,'596c7672710a49294266',33,34,35
503,50301,'5f04741f081f58114a4e',36,37
503,50301,'68157e3a7f0e38333e23',990,991,992
505,50500,'2a2423055d636f354b6d',42,43
505,50501,'2a2423055d636f354b6d',44,45
511,51100,'2f16807a52596335736c',64,65,66,67,68,69,70
511,51101,'2f16807a52596335736c',71,72,73,74,75,76,77
512,51200,'1e386a27476c5b6e1461',78
512,51200,'2f16807a52596335736c',79,80,81
512,51201,'1e386a27476c5b6e1461',83
512,51201,'2f16807a52596335736c',84,85,86,87
512,51201,'31744f7e5638320a2d4c',82
520,52000,'1e386a27476c5b6e1461',706,707
520,52000,'1f5759673f12020b0a50',701,702,703,704
520,52000,'2a2423055d636f354b6d',705
520,52000,'2f16807a52596335736c',686,687,688,689,690,691,692,693,694,695,696,697,698,699,700
520,52001,'1e386a27476c5b6e1461',731,732,733,734
520,52001,'1f5759673f12020b0a50',724,725,726,727
520,52001,'2a2423055d636f354b6d',719
520,52001,'2f16807a52596335736c',708,709,710,711,712,713,714,715,716,717,718,720,721,722,723
520,52001,'31744f7e5638320a2d4c',728,729
520,52001,'59737b0d0f044b52693e',730
523,52300,'1f5759673f12020b0a50',136,137,138
523,52300,'2f16807a52596335736c',139,140,141,142,143,144,145
523,52301,'1f5759673f12020b0a50',146,147
523,52301,'2f16807a52596335736c',148,149,150,151,152,153,154
524,52400,'4d1333016f576a2b1861',155
524,52401,'4d1333016f576a2b1861',156
525,52500,'2a2423055d636f354b6d',157,158
525,52500,'2f16807a52596335736c',159
525,52501,'2a2423055d636f354b6d',160,161
525,52501,'2f16807a52596335736c',162
530,53000,'1e386a27476c5b6e1461',179,180
530,53000,'20650565243b6617121a',166
530,53000,'2a2423055d636f354b6d',167,168,169,170,171,172,173,174,175,176,177,178
530,53000,'2f16807a52596335736c',181,182
530,53000,'456016522757102f7256',163,164,165
530,53001,'1e386a27476c5b6e1461',201,202,203,204,205,206
530,53001,'20650565243b6617121a',186,187
530,53001,'2a2423055d636f354b6d',188,189,190,191,192,193,194,195,196,197,198,199,200
530,53001,'2f16807a52596335736c',207,208
530,53001,'31744f7e5638320a2d4c',185
530,53001,'456016522757102f7256',184
530,53001,'7534570776257980407b',183
531,53100,'0f4e046366230d20602b',209,210,211,212,213,214
531,53100,'3f2f0f5e4447624e6529',946,947
531,53100,'4c306f4b2a565a1f102e',944,945
531,53100,'7b08670a61473623207c',215,216,217,218
531,53100,'7f0f5f7f490406104316',948,949,950,951
531,53101,'0f4e046366230d20602b',219,220,221,222,223,224
531,53101,'4c306f4b2a565a1f102e',952,953,954,955
531,53101,'7b08670a61473623207c',225,226,227,228
531,53101,'7f0f5f7f490406104316',956,957,958,959,960,961
532,53200,'2a2423055d636f354b6d',229,230,231,232
532,53201,'2a2423055d636f354b6d',233,234,235,236
536,53600,'0f4e046366230d20602b',237,238,239,240,241,242,243,244
536,53600,'1b713e1840220c5d294f',245,246,247,248
536,53601,'0f4e046366230d20602b',249,250,251,252,253,254,255,256,257
536,53601,'1b713e1840220c5d294f',940,941,942,943
540,54000,'0a2e2246543d0b4e297d',757,758,759
540,54000,'0d037a68582d69204727',735
540,54000,'1e386a27476c5b6e1461',760,761
540,54000,'1e7832711c690d2e452a',754
540,54000,'2a2423055d636f354b6d',742,743,744,745,746,747,748,749,750,751,752,753
540,54000,'31744f7e5638320a2d4c',736
540,54000,'4222041c237916795e5b',739
540,54000,'456016522757102f7256',740,741
540,54000,'56061576073054406d39',755
540,54000,'5839460d757725570f41',756
540,54000,'6e2807222c1c15364847',737
540,54000,'705c7f50195b7058446b',738
540,54001,'0a2e2246543d0b4e297d',784,785,786
540,54001,'0e5131610429337c0530',762
540,54001,'1e386a27476c5b6e1461',787,788,789,790
540,54001,'20650565243b6617121a',764,765
540,54001,'2a2423055d636f354b6d',770,771,772,773,774,775,776,777,778,779,780,781,782,783
540,54001,'2f16807a52596335736c',763
540,54001,'31744f7e5638320a2d4c',766
540,54001,'456016522757102f7256',768,769
540,54001,'705c7f50195b7058446b',767
542,54200,'1e386a27476c5b6e1461',397,398,399
542,54200,'2a2423055d636f354b6d',391,392,393,394,395,396
542,54200,'2f16807a52596335736c',400
542,54201,'1e386a27476c5b6e1461',409,410
542,54201,'2a2423055d636f354b6d',402,403,404,405,406,407,408
542,54201,'2f16807a52596335736c',411
542,54201,'31744f7e5638320a2d4c',401
543,54300,'2a2423055d636f354b6d',791,792,793,794,795
543,54301,'2a2423055d636f354b6d',796,797,798,799,800
550,55000,'0a067c057b2b05087239',801
550,55000,'1a223768176411647430',805
550,55000,'1e386a27476c5b6e1461',464,465,466,467,819,820,821,822
550,55000,'1e7832711c690d2e452a',814,815,816,817
550,55000,'20650565243b6617121a',806,807
550,55000,'2943795d360756687162',802,803,804
550,55000,'2a2423055d636f354b6d',810,811,812,813
550,55000,'31744f7e5638320a2d4c',808,809
550,55000,'56061576073054406d39',818
550,55001,'1e386a27476c5b6e1461',844,845,846,847
550,55001,'1e7832711c690d2e452a',480,481,482,483,841,842
550,55001,'20650565243b6617121a',827,828,829
550,55001,'2943795d360756687162',823,824,825,826
550,55001,'2a2423055d636f354b6d',834,835,836,837,838,839,840
550,55001,'31744f7e5638320a2d4c',513,514,515,516,830,831
550,55001,'456016522757102f7256',833
550,55001,'56061576073054406d39',843
550,55001,'6e2807222c1c15364847',832
553,55300,'1e386a27476c5b6e1461',850,851,852
553,55300,'2f16807a52596335736c',848
553,55300,'59737b0d0f044b52693e',849
553,55301,'1e386a27476c5b6e1461',857,858,859,860
553,55301,'2f16807a52596335736c',853,854
553,55301,'31744f7e5638320a2d4c',855,856
560,56000,'06752747777a051e0436',993,994,995,996,997
560,56000,'16637e0e2315066c486c',876
560,56000,'23296d7c775227723c50',998,999,1000,1001,1002
560,56000,'262a54422e7775120a3d',862,863,864,865,866
560,56000,'26326379431d56734a7b',861
560,56000,'385c656911630e4e5b28',1003,1004,1005,1006
560,56000,'3d034810783c227d733e',867,868,869,870,871
560,56000,'3e571d0e2f4c2c455f11',872,873,874,875
560,56000,'4a4d6b041568797e730d',877,878,879,880
560,56000,'79202867750764183662',1007,1008,1009,1010,1011,1012,1013
560,56001,'06752747777a051e0436',1014,1015,1016
560,56001,'23296d7c775227723c50',1017,1018,1019,1020
560,56001,'262a54422e7775120a3d',570,571,572
560,56001,'385c656911630e4e5b28',1021,1022,1023,1024,1025
560,56001,'3d034810783c227d733e',566,567,568,569
560,56001,'3e571d0e2f4c2c455f11',556,557,558,559
560,56001,'4a4d6b041568797e730d',560,561,562,563,564,565
560,56001,'79202867750764183662',1026,1027,1028,1029,1030,1031,1032,1033
561,56100,'06752747777a051e0436',1034
561,56100,'23296d7c775227723c50',1035
561,56100,'262a54422e7775120a3d',577
561,56100,'385c656911630e4e5b28',1036
561,56100,'3d034810783c227d733e',576
561,56100,'3e571d0e2f4c2c455f11',573
561,56100,'4a4d6b041568797e730d',574,575
561,56100,'79202867750764183662',1037,1038
561,56101,'06752747777a051e0436',1039
561,56101,'23296d7c775227723c50',1040
561,56101,'262a54422e7775120a3d',582
561,56101,'385c656911630e4e5b28',1041
561,56101,'3d034810783c227d733e',581
561,56101,'3e571d0e2f4c2c455f11',578
561,56101,'4a4d6b041568797e730d',579,580
561,56101,'79202867750764183662',1042,1043
564,56400,'183c4e6962076a683377',881
564,56400,'39206428010a3522612d',882
564,56400,'4210105e07251f32714c',883
564,56401,'183c4e6962076a683377',884,885
564,56401,'39206428010a3522612d',886
566,56600,'06752747777a051e0436',1044
566,56600,'23296d7c775227723c50',1045
566,56600,'262a54422e7775120a3d',595
566,56600,'385c656911630e4e5b28',1046,1047
566,56600,'3d034810783c227d733e',594
566,56600,'3e571d0e2f4c2c455f11',589,590
566,56600,'4a4d6b041568797e730d',591,592,593
566,56600,'79202867750764183662',1048,1049,1050
566,56601,'06752747777a051e0436',1051
566,56601,'23296d7c775227723c50',1052
566,56601,'262a54422e7775120a3d',601
566,56601,'385c656911630e4e5b28',1053,1054
566,56601,'3d034810783c227d733e',600
566,56601,'3e571d0e2f4c2c455f11',596,597
566,56601,'4a4d6b041568797e730d',598,599
566,56601,'79202867750764183662',1055,1056
569,56900,'385c656911630e4e5b28',1057,1058
569,56900,'3e571d0e2f4c2c455f11',602,603
569,56900,'4a4d6b041568797e730d',604,605
569,56900,'79202867750764183662',1059,1060
569,56901,'385c656911630e4e5b28',1061,1062,1063
569,56901,'3e571d0e2f4c2c455f11',606,607,608
569,56901,'4a4d6b041568797e730d',609,610
569,56901,'79202867750764183662',1064,1065
570,57000,'1e386a27476c5b6e1461',897
570,57000,'2a2423055d636f354b6d',887,888,889,890,891,892,893,894,895,896
570,57001,'1e386a27476c5b6e1461',907,908,909
570,57001,'2a2423055d636f354b6d',899,900,901,902,903,904,905,906
570,57001,'31744f7e5638320a2d4c',898
571,57100,'1e386a27476c5b6e1461',916
571,57100,'2a2423055d636f354b6d',910,911,912,913,914,915
571,57101,'1e386a27476c5b6e1461',923
571,57101,'2a2423055d636f354b6d',917,918,919,920,921,922
572,57200,'184134507f4517151633',924
572,57200,'1e386a27476c5b6e1461',649,650
572,57200,'2a2423055d636f354b6d',648
572,57200,'2f16807a52596335736c',651
572,57201,'1e386a27476c5b6e1461',652
572,57201,'1f5759673f12020b0a50',653
572,57201,'2f16807a52596335736c',654,655,656,657
573,57300,'1e386a27476c5b6e1461',661,662,663
573,57300,'2a2423055d636f354b6d',658,659,660
573,57301,'1e386a27476c5b6e1461',669,670
573,57301,'2a2423055d636f354b6d',666,667,668
573,57301,'31744f7e5638320a2d4c',665
573,57301,'321e5f70685c1473436a',671
573,57301,'71472061383531535e0f',664
574,57400,'184134507f4517151633',925
574,57400,'1e386a27476c5b6e1461',675,676,677
574,57400,'2a2423055d636f354b6d',672,673,674
574,57401,'1e386a27476c5b6e1461',683,684,685
574,57401,'2943795d360756687162',678
574,57401,'2a2423055d636f354b6d',680,681,682
574,57401,'31744f7e5638320a2d4c',679
