50300,'201630040e0d516b544f',710,,966,1,0,25 26 27 28 29 30,0,700,,963,1,0,25 26 27 28 29 30,0,125,,964,1,0,25 26 27 28 29 30,0,295,,965,1,0,25 26 27 28 29 30,0
50300,'3c0d01540a13404e161d',710,,25,1,0,25 26 27 28 29 30,0,644,,28,1,0,25 26 27 28 29 30,0,476,,23,1,0,25 26 27 28 29 30,0
50300,'4b12742d37705e172b4b',1535,,15,1,0,25 26 27 28 29 30,0
50300,'507a3d71694b79471d39',710,,971,1,0,25 26 27 28 29 30,0,644,,974,1,0,25 26 27 28 29 30,0,181,,967,1,0,25 26 27 28 29 30,0,295,,969,1,0,25 26 27 28 29 30,0
50300,'596c7672710a49294266',645,,18,1,0,25 26 27 28 29 30,0
50300,'5f04741f081f58114a4e',710,,21,1,0,25 26 27 28 29 30,0,700,,19,1,0,25 26 27 28 29 30,0,420,,20,1,0,25 26 27 28 29 30,0
50300,'68157e3a7f0e38333e23',645,,976,1,0,25 26 27 28 29 30,0
50301,'201630040e0d516b544f',1355,,980,20,0,87 88 128,0,165,,981,20,0,87 88 128,0,305,,977,20,0,87 88 128,0
50301,'3c0d01540a13404e161d',1354,,40,20,4,,0
50301,'4b12742d37705e172b4b',1520,,31,21,0,87 88 128,0,305,,32,21,0,87 88 128,0
50301,'507a3d71694b79471d39',1354,,987,20,4,,0,166,,988,21,0,87 88 128,0,305,,983,21,0,87 88 128,0
50301,'596c7672710a49294266',1942,,33,20,0,87 88 128,0
50301,'5f04741f081f58114a4e',1355,,37,21,0,87 88 128,0
50301,'68157e3a7f0e38333e23',1942,,991,20,0,87 88 128,0
