56000,'06752747777a051e0436',1015,,996,12,0,20 21 22 23 24,0,225,,997,20,0,20 21 22 23 24,0,191,,993,15,0,20 21 22 23 24,0,299,,994,20,0,10 11 12,0,10,,995,12,0,25 26 27 28 29 30,0
56000,'0b787c403733425e476a',1010,,865,12,0,20 21 22 23 24,0,233,,866,20,0,20 21 22 23 24,0,181,,862,15,0,20 21 22 23 24,0,299,,863,20,0,10 11 12,0,22,,864,12,0,25 26 27 28 29 30,0
56000,'23296d7c775227723c50',945,,1001,12,0,20 21 22 23 24,0,195,,1002,18,0,20 21 22 23 24,0,200,,998,20,0,20 21 22 23 24,0,400,,999,20,0,25 26 27 28 29 30,0,5,,1000,12,0,75 76 77,0
56000,'26326379431d56734a7b',1604,,861,19,0,25 26 27 28 29 30,0
56000,'385c656911630e4e5b28',948,,1005,2,0,25 26 27 28 29 30,0,200,,1006,2,0,25 26 27 28 29 30,0,400,,1003,2,0,25 26 27 28 29 30,0,185,,1004,2,0,25 26 27 28 29 30,0
56000,'3d034810783c227d733e',950,,870,12,0,20 21 22 23 24,0,193,,871,18,0,20 21 22 23 24,0,200,,867,20,0,20 21 22 23 24,0,390,,868,20,0,25 26 27 28 29 30,0,7,,869,12,0,75 76 77,0
56000,'3e571d0e2f4c2c455f11',948,,874,2,0,25 26 27 28 29 30,0,200,,875,2,0,25 26 27 28 29 30,0,400,,872,2,0,25 26 27 28 29 30,0,185,,873,2,0,25 26 27 28 29 30,0
56000,'43417d1b6169256b1344',1603,,876,18,0,25 26 27 28 29 30,0
56000,'5e7252525b680b0d0608',644,,879,15,0,25 26 27 28 29 30,0,194,,880,18,0,25 26 27 28 29 30,0,1097,,878,12,0,20 21 22 23 24,0
56000,'79202867750764183662',641,,1012,15,0,25 26 27 28 29 30,0,204,,1013,18,0,25 26 27 28 29 30,0,756,,1008,2,0,25 26 27 28 29 30,0,2,,1007,19,0,25 26 27 28 29 30,0,138,,1009,2,0,25 26 27 28 29 30,0,204,,1011,12,0,20 21 22 23 24,0
56901,'385c656911630e4e5b28',1010,,1061,12,0,10 11 12,0,733,,1062,13,0,75 76 77,0,197,,1063,13,0,10 11 12,0
56901,'3e571d0e2f4c2c455f11',1013,,606,12,0,10 11 12,0,730,,607,13,0,75 76 77,0,200,,608,13,0,10 11 12,0
56901,'5e7252525b680b0d0608',1355,,609,16,0,18 19,0,455,,610,16,0,18 19,0
56901,'79202867750764183662',1355,,1064,16,0,18 19,0,465,,1065,16,0,18 19,0
