52000,'1e386a27476c5b6e1461',625,,707,9,0,25 26 27 28 29 30,0
52000,'1f5759673f12020b0a50',1050,,701,8,0,20 21 22 23 24,0,294,,702,9,0,25 26 27 28 29 30,0,306,,703,8,0,20 21 22 23 24,0,200,,704,8,0,20 21 22 23 24,0
52000,'2a2423055d636f354b6d',854,,705,9,0,20 21 22 23 24,0
52000,'2f16807a52596335736c',600,,696,8,0,25 26 27 28 29 30,0,105,,698,9,0,25 26 27 28 29 30,0,45,,699,8,0,20 21 22 23 24,0,200,,686,8,0,20 21 22 23 24,0,200,,688,8,0,20 21 22 23 24,0,290,,690,8,0,25 26 27 28 29 30,0,110,,691,8,0,20 21 22 23 24,0,255,,694,8,0,20 21 22 23 24,0,130,,695,8,0,25 26 27 28 29 30,0
52400,'4d1333016f576a2b1861',909,,155,9,0,20 73 74,0
56000,'06752747777a051e0436',1129,,996,26,0,20 21 22 23 24,0,230,,997,34,0,20 21 22 23 24,0,191,,993,29,0,20 21 22 23 24,0,304,,995,26,0,25 26 27 28 29 30,0
56000,'16637e0e2315066c486c',1712,,876,32,0,25 26 27 28 29 30,0
56000,'23296d7c775227723c50',1059,,1001,26,0,20 21 22 23 24,0,200,,1002,32,0,20 21 22 23 24,0,200,,998,34,0,20 21 22 23 24,0,400,,999,34,0,25 26 27 28 29 30,0
56000,'262a54422e7775120a3d',1117,,865,26,0,20 21 22 23 24,0,235,,866,34,0,20 21 22 23 24,0,181,,862,29,0,20 21 22 23 24,0,322,,864,26,0,25 26 27 28 29 30,0
56000,'26326379431d56734a7b',1712,,861,33,0,25 26 27 28 29 30,0
56000,'385c656911630e4e5b28',1059,,1005,16,0,25 26 27 28 29 30,0,200,,1006,16,0,25 26 27 28 29 30,0,400,,1003,16,0,25 26 27 28 29 30,0,185,,1004,16,0,25 26 27 28 29 30,0
56000,'3d034810783c227d733e',1057,,870,26,0,20 21 22 23 24,0,195,,871,32,0,20 21 22 23 24,0,200,,867,34,0,20 21 22 23 24,0,392,,868,34,0,25 26 27 28 29 30,0
56000,'3e571d0e2f4c2c455f11',1059,,874,16,0,25 26 27 28 29 30,0,200,,875,16,0,25 26 27 28 29 30,0,400,,872,16,0,25 26 27 28 29 30,0,185,,873,16,0,25 26 27 28 29 30,0
56000,'4a4d6b041568797e730d',753,,879,29,0,25 26 27 28 29 30,0,194,,880,32,0,25 26 27 28 29 30,0,1095,,878,26,0,20 21 22 23 24,0
56000,'79202867750764183662',800,,1012,29,0,25 26 27 28 29 30,0,204,,1013,32,0,25 26 27 28 29 30,0,708,,1008,16,0,25 26 27 28 29 30,0,12,,1007,33,0,25 26 27 28 29 30,0,128,,1009,16,0,25 26 27 28 29 30,0,207,,1011,26,0,20 21 22 23 24,0
