55000,'0a067c057b2b05087239',710,,801,9,0,35 45 116,0
55000,'1a223768176411647430',1800,,805,10,0,35 45 116,0
55000,'1e386a27476c5b6e1461',724,,822,9,0,35 36 37,0
55000,'1e7832711c690d2e452a',1646,,814,9,0,35 45 116,0,100,,815,9,0,35 45 116,0,100,,817,9,0,35 45 116,0
55000,'2943795d360756687162',910,,803,9,0,35 45 116,0,100,,804,9,0,35 45 116,0,300,,802,14,0,35 45 116,0
55000,'31744f7e5638320a2d4c',1346,,809,9,0,35 45 116,0
55000,'56061576073054406d39',1800,,818,10,0,35 45 116,0
55300,'1e386a27476c5b6e1461',629,,850,8,0,25 26 27 28 29 30,0,88,,852,2,0,25 26 27 28 29 30,0
55300,'2f16807a52596335736c',1347,,848,2,0,25 26 27 28 29 30,0
55300,'59737b0d0f044b52693e',617,,849,2,0,25 26 27 28 29 30,0
55301,'1e386a27476c5b6e1461',1723,,857,18,0,140 19 145 146,0,95,,859,7,0,129 131 132,0,115,,860,18,0,129 131 132,0
55301,'2f16807a52596335736c',1314,,853,19,0,140 19 145 146,0,600,,854,19,0,140 19 145 146,0
55301,'31744f7e5638320a2d4c',1318,,855,7,0,129 131 132,0
