54000,'0a2e2246543d0b4e297d',1204,,757,9,0,25 26 27 28 29 30,0,400,,758,9,0,25 26 27 28 29 30,0,55,,759,9,0,25 26 27 28 29 30,0
54000,'0d037a68582d69204727',1714,,735,14,0,25 26 27 28 29 30,0
54000,'2a2423055d636f354b6d',1014,,753,16,0,25 26 27 28 29 30,0,300,,742,13,0,25 26 27 28 29 30,0,110,,743,13,0,25 26 27 28 29 30,0,90,,744,16,0,25 26 27 28 29 30,0,100,,745,13,0,25 26 27 28 29 30,0,200,,746,14,0,25 26 27 28 29 30,0,35,,747,13,0,25 26 27 28 29 30,0,65,,748,16,0,25 26 27 28 29 30,0
54000,'31744f7e5638320a2d4c',1307,,736,3,0,25 26 27 28 29 30,0
54000,'4222041c237916795e5b',1714,,739,13,0,25 26 27 28 29 30,0
54000,'456016522757102f7256',914,,740,13,0,25 26 27 28 29 30,0,200,,741,13,0,25 26 27 28 29 30,0
54000,'56061576073054406d39',1307,,755,2,0,25 26 27 28 29 30,0
54000,'5839460d757725570f41',1514,,756,13,0,25 26 27 28 29 30,0
54000,'6e2807222c1c15364847',1307,,737,2,0,25 26 27 28 29 30,0
54000,'705c7f50195b7058446b',1904,,738,9,0,25 26 27 28 29 30,0
57400,'184134507f4517151633',641,,925,4,0,25 26 27 28 29 30,0
57400,'1e386a27476c5b6e1461',651,,676,4,0,25 26 27 28 29 30,0,98,,677,4,0,25 26 27 28 29 30,0
57400,'2a2423055d636f354b6d',710,,672,6,0,25 26 27 28 29 30,0,596,,673,4,0,25 26 27 28 29 30,0,410,,674,4,0,25 26 27 28 29 30,0
57401,'1e386a27476c5b6e1461',1654,,683,10,0,41 42 43,0,105,,684,7,0,41 42 43,0,100,,685,7,0,41 42 43,0
57401,'31744f7e5638320a2d4c',1259,,679,7,0,41 42 43,0
