56001,'06752747777a051e0436',1326,,1014,14,0,5 6 7,0,200,,1015,14,0,8 9,0,276,,1016,14,0,8 9,0
56001,'0b787c403733425e476a',1314,,572,14,0,5 6 7,0,200,,570,14,0,8 9,0,238,,571,14,0,8 9,0
56001,'23296d7c775227723c50',951,,1019,14,0,8 9,0,271,,1020,14,0,8 9,0,204,,1017,14,0,5 6 7,0,333,,1018,3,0,8 9,0
56001,'385c656911630e4e5b28',1027,,1024,23,0,67 19 23 68,0,2,,1025,23,0,67 19 23 68,0,383,,1021,23,0,67 19 23 68,0,200,,1022,23,0,67 37,0,405,,1023,23,0,67 37,0
56001,'3d034810783c227d733e',942,,567,14,0,8 9,0,267,,568,14,0,8 9,0,205,,569,14,0,5 6 7,0,345,,566,3,0,8 9,0
56001,'3e571d0e2f4c2c455f11',1029,,558,23,0,67 19 23 68,0,385,,559,23,0,67 19 23 68,0,200,,556,23,0,67 37,0,405,,557,23,0,67 37,0
56001,'5e7252525b680b0d0608',637,,563,4,0,8 9,0,213,,564,23,0,5 6 7,0,183,,565,23,0,8 9,0,618,,560,14,0,8 9,0,164,,561,23,0,8 9,0,133,,562,23,0,8 9,0
56001,'79202867750764183662',640,,1029,4,0,8 9,0,275,,1030,23,0,5 6 7,0,2,,1031,23,0,67 19 23 68,0,112,,1033,23,0,67 19 23 68,0,21,,1032,23,0,8 9,0,601,,1026,14,0,8 9,0,179,,1027,23,0,8 9,0,175,,1028,23,0,8 9,0
56900,'385c656911630e4e5b28',627,,1057,3,0,8 9,0,1130,,1058,3,0,8 9,0
56900,'3e571d0e2f4c2c455f11',627,,602,3,0,8 9,0,1130,,603,3,0,8 9,0
56900,'5e7252525b680b0d0608',844,,604,11,0,31 32,0,575,,605,11,0,31 32,0
56900,'79202867750764183662',844,,1059,11,0,31 32,0,575,,1060,11,0,31 32,0
