56000,'06752747777a051e0436',946,,996,7,0,20 21 22 23 24,0,765,,995,7,0,25 26 27 28 29 30,0
56000,'0b787c403733425e476a',946,,865,7,0,20 21 22 23 24,0,775,,864,7,0,25 26 27 28 29 30,0
56000,'23296d7c775227723c50',916,,1001,7,0,20 21 22 23 24,0,800,,1000,7,0,75 76 77,0
56000,'3d034810783c227d733e',927,,870,7,0,20 21 22 23 24,0,789,,869,7,0,75 76 77,0
56000,'5e7252525b680b0d0608',1911,,878,7,0,20 21 22 23 24,0
56000,'79202867750764183662',1916,,1011,7,0,20 21 22 23 24,0
56901,'385c656911630e4e5b28',946,,1061,7,0,10 11 12,0,770,,1062,7,0,75 76 77,0,200,,1063,7,0,10 11 12,0
56901,'3e571d0e2f4c2c455f11',946,,606,7,0,10 11 12,0,770,,607,7,0,75 76 77,0,200,,608,7,0,10 11 12,0
56901,'5e7252525b680b0d0608',1331,,609,11,0,18 19,0,415,,610,11,0,18 19,0
56901,'79202867750764183662',1331,,1064,11,0,18 19,0,425,,1065,11,0,18 19,0
