56001,'06752747777a051e0436',1404,,1014,22,0,5 6 7,0
56001,'0b787c403733425e476a',1348,,572,22,0,5 6 7,0
56001,'23296d7c775227723c50',1504,,1017,22,0,5 6 7,0
56001,'3d034810783c227d733e',1448,,569,22,0,5 6 7,0
56001,'5e7252525b680b0d0608',924,,564,31,0,5 6 7,0,183,,565,31,0,8 9,0,742,,561,31,0,8 9,0,173,,562,31,0,8 9,0
56001,'79202867750764183662',953,,1030,31,0,5 6 7,0,175,,1032,31,0,8 9,0,780,,1027,31,0,8 9,0,135,,1028,31,0,8 9,0
56601,'06752747777a051e0436',1348,,1051,7,0,13 14 2 15,0
56601,'0b787c403733425e476a',1333,,601,7,0,13 14 2 15,0
56601,'23296d7c775227723c50',1243,,1052,7,0,13 14 2 15,0
56601,'385c656911630e4e5b28',1057,,1053,7,0,5 6 7,0,380,,1054,7,0,8 9,0
56601,'3d034810783c227d733e',1233,,600,7,0,13 14 2 15,0
56601,'3e571d0e2f4c2c455f11',1057,,596,7,0,5 6 7,0,380,,597,7,0,8 9,0
56601,'5e7252525b680b0d0608',1743,,598,7,0,13 14 2 15,0,90,,599,7,0,16 17,0
56601,'79202867750764183662',1743,,1055,7,0,13 14 2 15,0,170,,1056,7,0,16 17,0
56901,'5e7252525b680b0d0608',1252,,609,3,0,18 19,0,455,,610,3,0,18 19,0
56901,'79202867750764183662',1252,,1064,3,0,18 19,0,465,,1065,3,0,18 19,0
