55000,'0a067c057b2b05087239',706,,801,7,0,35 45 116,0
55000,'14187635613e43612170',906,,803,7,0,35 45 116,0,100,,804,7,0,35 45 116,0,300,,802,12,0,35 45 116,0
55000,'1a223768176411647430',1756,,805,8,0,35 45 116,0
55000,'31744f7e5638320a2d4c',1341,,809,7,0,35 45 116,0
55000,'3a511f30370a721b2433',841,,435,12,0,35 36 37,0,200,,436,12,0,35 36 37,0,100,,437,12,0,35 36 37,0,200,,432,12,0,35 36 37,0,200,,433,12,0,35 36 37,0,180,,434,12,0,35 36 37,0
55000,'5358692d1f3e005d4131',936,,463,12,0,35 36 37,0,400,,462,12,0,35 36 37,0
55000,'553d275f1455102c362a',1641,,814,7,0,35 45 116,0,100,,815,7,0,35 45 116,0,100,,817,7,0,35 45 116,0
55000,'56061576073054406d39',1756,,818,8,0,35 45 116,0
55000,'69181125652d7e4d6a80',706,,446,7,0,35 36 37,0,200,,447,7,0,35 36 37,0,100,,449,7,0,35 36 37,0,300,,442,7,0,35 36 37,0,450,,445,8,0,35 36 37,0
55000,'7f443a14596255477616',721,,822,7,0,35 36 37,0
