56100,'06752747777a051e0436',1235,,1034,3,0,10 11 12,0
56100,'23296d7c775227723c50',1135,,1035,3,0,10 11 12,0
56100,'262a54422e7775120a3d',1235,,577,3,0,10 11 12,0
56100,'385c656911630e4e5b28',1705,,1036,3,0,10 11 12,0
56100,'3d034810783c227d733e',1135,,576,3,0,10 11 12,0
56100,'3e571d0e2f4c2c455f11',1705,,573,3,0,10 11 12,0
56100,'4a4d6b041568797e730d',1550,,574,3,0,10 11 12,0,185,,575,3,0,10 11 12,0
56100,'79202867750764183662',1550,,1037,3,0,10 11 12,0,170,,1038,3,0,10 11 12,0
56900,'4a4d6b041568797e730d',815,,604,3,0,31 32,0,535,,605,3,0,31 32,0
56900,'79202867750764183662',815,,1059,3,0,31 32,0,535,,1060,3,0,31 32,0
