56600,'06752747777a051e0436',1200,,1044,1,0,10 11 12,0
56600,'0b787c403733425e476a',1210,,595,1,0,10 11 12,0
56600,'23296d7c775227723c50',1100,,1045,1,0,10 11 12,0
56600,'385c656911630e4e5b28',1455,,1046,9,0,10 11 12,0
56600,'3d034810783c227d733e',1110,,594,1,0,10 11 12,0
56600,'3e571d0e2f4c2c455f11',1455,,589,9,0,10 11 12,0
56600,'5e7252525b680b0d0608',1500,,593,1,0,10 11 12,0
56600,'79202867750764183662',1500,,1050,1,0,10 11 12,0
56601,'06752747777a051e0436',1410,,1051,11,4,,0
56601,'0b787c403733425e476a',1352,,601,11,4,,0
56601,'23296d7c775227723c50',1305,,1052,11,4,,0
56601,'385c656911630e4e5b28',1115,,1053,12,0,5 6 7,0
56601,'3d034810783c227d733e',1252,,600,11,4,,0
56601,'3e571d0e2f4c2c455f11',1115,,596,12,0,5 6 7,0
56601,'5e7252525b680b0d0608',1802,,598,11,4,,0
56601,'79202867750764183662',1805,,1055,11,4,,0
56900,'5e7252525b680b0d0608',921,,604,19,0,31 32,0,535,,605,19,0,31 32,0
56900,'79202867750764183662',921,,1059,19,0,31 32,0,535,,1060,19,0,31 32,0
56901,'5e7252525b680b0d0608',1315,,609,8,0,18 19,0,415,,610,8,0,18 19,0
56901,'79202867750764183662',1315,,1064,8,0,18 19,0,425,,1065,8,0,18 19,0
