55000,'0a067c057b2b05087239',717,,801,11,0,35 45 116,0
55000,'1a223768176411647430',1807,,805,12,0,35 45 116,0
55000,'1e386a27476c5b6e1461',730,,821,2,0,35 36 37,0,80,,465,1,0,79 80,0
55000,'1e7832711c690d2e452a',1658,,814,12,0,35 45 116,0,84,,816,7,0,78 19,0,116,,817,12,0,35 45 116,0
55000,'2943795d360756687162',917,,803,11,0,35 45 116,0,100,,804,11,0,35 45 116,0,300,,802,16,0,35 45 116,0
55000,'31744f7e5638320a2d4c',1342,,808,2,0,78 19,0
55000,'56061576073054406d39',1807,,818,12,0,35 45 116,0
55300,'1e386a27476c5b6e1461',630,,851,1,0,25 26 27 28 29 30,0,95,,852,5,0,25 26 27 28 29 30,0
55300,'2f16807a52596335736c',1355,,848,5,0,25 26 27 28 29 30,0
55300,'59737b0d0f044b52693e',625,,849,5,0,25 26 27 28 29 30,0
