54000,'0a2e2246543d0b4e297d',1215,,757,11,0,25 26 27 28 29 30,0,400,,758,11,0,25 26 27 28 29 30,0,95,,759,11,0,25 26 27 28 29 30,0
54000,'0d037a68582d69204727',1725,,735,16,0,25 26 27 28 29 30,0
54000,'1e386a27476c5b6e1461',703,,760,14,0,25 26 27 28 29 30,0
54000,'2a2423055d636f354b6d',710,,749,13,0,25 26 27 28 29 30,0,15,,750,13,0,25 26 27 28 29 30,0,75,,751,13,0,25 26 27 28 29 30,0,25,,752,13,0,25 26 27 28 29 30,0,200,,753,18,0,25 26 27 28 29 30,0,300,,742,15,0,25 26 27 28 29 30,0,110,,743,15,0,25 26 27 28 29 30,0,90,,744,18,0,25 26 27 28 29 30,0,100,,745,15,0,25 26 27 28 29 30,0,200,,746,16,0,25 26 27 28 29 30,0,75,,747,15,0,25 26 27 28 29 30,0,25,,748,18,0,25 26 27 28 29 30,0
54000,'31744f7e5638320a2d4c',1317,,736,5,0,25 26 27 28 29 30,0
54000,'4222041c237916795e5b',1725,,739,15,0,25 26 27 28 29 30,0
54000,'456016522757102f7256',925,,740,15,0,25 26 27 28 29 30,0,200,,741,15,0,25 26 27 28 29 30,0
54000,'56061576073054406d39',1317,,755,4,0,25 26 27 28 29 30,0
54000,'5839460d757725570f41',1525,,756,15,0,25 26 27 28 29 30,0
54000,'6e2807222c1c15364847',1317,,737,4,0,25 26 27 28 29 30,0
54000,'705c7f50195b7058446b',1915,,738,11,0,25 26 27 28 29 30,0
54200,'1e386a27476c5b6e1461',732,,399,13,4,,0
54200,'2a2423055d636f354b6d',725,,392,21,4,,0,113,,393,17,4,,0,301,,394,15,4,,0,186,,395,23,4,,0,303,,396,21,4,,0,182,,391,21,4,,0
54200,'2f16807a52596335736c',800,,400,21,4,,0
55300,'1e386a27476c5b6e1461',804,,852,17,4,,0
55300,'2f16807a52596335736c',1434,,848,17,4,,0
55300,'59737b0d0f044b52693e',704,,849,17,4,,0
57400,'184134507f4517151633',654,,925,8,0,25 26 27 28 29 30,0
57400,'1e386a27476c5b6e1461',707,,676,6,0,25 26 27 28 29 30,0,95,,677,8,0,25 26 27 28 29 30,0
57400,'2a2423055d636f354b6d',723,,672,10,0,25 26 27 28 29 30,0,596,,673,8,0,25 26 27 28 29 30,0,410,,674,8,0,25 26 27 28 29 30,0
