56101,'06752747777a051e0436',1330,,1039,3,0,18 19,0
56101,'0b787c403733425e476a',1315,,582,3,0,18 19,0
56101,'23296d7c775227723c50',1225,,1040,3,0,18 19,0
56101,'385c656911630e4e5b28',1033,,1041,3,0,18 19,0
56101,'3d034810783c227d733e',1215,,581,3,0,18 19,0
56101,'3e571d0e2f4c2c455f11',1035,,578,3,0,18 19,0
56101,'5e7252525b680b0d0608',855,,579,3,0,18 19,0,185,,580,3,0,18 19,0
56101,'79202867750764183662',920,,1042,3,0,18 19,0,130,,1043,3,0,18 19,0
56901,'5e7252525b680b0d0608',1420,,609,21,0,18 19,0,415,,610,21,0,18 19,0
56901,'79202867750764183662',1420,,1064,21,0,18 19,0,425,,1065,21,0,18 19,0
