54000,'220e7e723c71704c1463',1011,,277,6,4,,0,30,,278,20,4,,0,95,,279,17,4,,0,87,,280,14,4,,0,13,,281,17,4,,0,87,,282,14,4,,0,18,,264,20,4,,0,82,,265,14,4,,0,33,,266,17,4,,0,67,,267,14,4,,0,13,,268,20,4,,0,87,,269,14,4,,0,13,,270,17,4,,0,87,,271,14,4,,0,13,,272,17,4,,0,87,,273,14,4,,0,13,,274,17,4,,0,70,,275,17,4,,0,17,,276,14,4,,0
54000,'2a08755845643968295b',731,,283,17,4,,0,100,,287,17,4,,0,110,,288,17,4,,0,1000,,284,20,4,,0,100,,285,17,4,,0,100,,286,17,4,,0
54000,'2a21514a4e2b3103627a',1735,,735,18,0,25 26 27 28 29 30,0
54000,'31744f7e5638320a2d4c',1325,,736,7,0,25 26 27 28 29 30,0
54000,'3405324d4148757b0d18',1325,,737,6,0,25 26 27 28 29 30,0
54000,'3b110f002e63067b2820',1925,,738,13,0,25 26 27 28 29 30,0
54000,'4222041c237916795e5b',1735,,739,17,0,25 26 27 28 29 30,0
54000,'4b486d3f75551347753d',935,,740,17,0,25 26 27 28 29 30,0,200,,741,17,0,25 26 27 28 29 30,0
54000,'4f0277002864772e6462',718,,749,15,0,25 26 27 28 29 30,0,15,,750,15,0,25 26 27 28 29 30,0,75,,751,15,0,25 26 27 28 29 30,0,25,,752,15,0,25 26 27 28 29 30,0,202,,753,20,0,25 26 27 28 29 30,0,300,,742,17,0,25 26 27 28 29 30,0,110,,743,17,0,25 26 27 28 29 30,0,90,,744,20,0,25 26 27 28 29 30,0,100,,745,17,0,25 26 27 28 29 30,0,200,,746,18,0,25 26 27 28 29 30,0,75,,747,17,0,25 26 27 28 29 30,0,25,,748,20,0,25 26 27 28 29 30,0
54000,'56061576073054406d39',1325,,755,6,0,25 26 27 28 29 30,0
54000,'5839460d757725570f41',1535,,756,17,0,25 26 27 28 29 30,0
54000,'6f166c68066d266f1856',1225,,757,13,0,25 26 27 28 29 30,0,400,,758,13,0,25 26 27 28 29 30,0,95,,759,13,0,25 26 27 28 29 30,0
54000,'7f443a14596255477616',711,,760,16,0,25 26 27 28 29 30,0
54200,'2b1165645a5a5c137334',742,,399,15,4,,0
54200,'591d3547127f0b3c5a02',735,,392,23,4,,0,115,,393,19,4,,0,299,,394,17,4,,0,186,,395,25,4,,0,305,,396,23,4,,0,180,,391,23,4,,0
54200,'5c4b576a341e152e766b',810,,400,23,4,,0
54201,'591d3547127f0b3c5a02',815,,404,2,0,33 19 34,0,400,,405,2,0,33 19 34,0,195,,406,2,0,33 19 34,0,305,,407,2,0,33 19 34,0,35,,408,2,0,33 19 34,0,65,,402,2,0,33 19 34,0,35,,403,2,0,33 19 34,0
54201,'5c4b576a341e152e766b',705,,411,2,0,33 19 34,0
55300,'1c2e3625233d01453772',1443,,848,19,4,,0
55300,'59737b0d0f044b52693e',713,,849,19,4,,0
55300,'5a622e2f735638475e4f',713,,521,18,4,,0
55300,'5f3a5d635165645c1e2c',1443,,526,18,4,,0
55300,'7f443a14596255477616',813,,852,19,4,,0
57300,'2b1165645a5a5c137334',810,,663,16,0,25 26 27 28 29 30,0
57300,'591d3547127f0b3c5a02',740,,658,16,0,25 26 27 28 29 30,0,660,,659,16,0,25 26 27 28 29 30,0,340,,660,16,0,25 26 27 28 29 30,0
57400,'2a07413a310346436a66',703,,925,10,0,25 26 27 28 29 30,0
57400,'2b1165645a5a5c137334',715,,676,8,0,25 26 27 28 29 30,0,95,,677,10,0,25 26 27 28 29 30,0
57400,'591d3547127f0b3c5a02',732,,672,12,0,25 26 27 28 29 30,0,596,,673,10,0,25 26 27 28 29 30,0,410,,674,10,0,25 26 27 28 29 30,0
