54001,'0a2e2246543d0b4e297d',1029,,784,3,0,60 64,0,200,,785,3,0,60 64,0,200,,786,3,0,60 64,0
54001,'0e5131610429337c0530',814,,762,3,0,35 36 37,0
54001,'1e386a27476c5b6e1461',744,,790,3,0,35 45 116,0,895,,787,3,0,58 59,0,105,,788,3,0,58 59,0
54001,'20650565243b6617121a',1024,,765,3,0,58 59,0,225,,764,3,0,58 59,0
54001,'2a2423055d636f354b6d',734,,781,3,0,58 59,0,190,,782,3,0,58 59,0,200,,783,3,0,47 48,0,105,,770,3,0,58 59,0,25,,771,3,0,58 59,0,75,,772,3,0,58 59,0,95,,773,3,0,58 59,0,100,,774,3,0,47 48,0,135,,775,3,0,58 59,0,70,,776,3,0,47 48,0,30,,777,3,0,58 59,0,70,,778,3,0,58 59,0,15,,779,3,0,58 59,0,95,,780,3,0,58 59,0
54001,'2f16807a52596335736c',644,,763,3,0,58 59,0
54001,'31744f7e5638320a2d4c',1249,,766,3,0,58 59,0
54001,'456016522757102f7256',824,,769,3,0,58 59,0,805,,768,3,0,58 59,0
54001,'705c7f50195b7058446b',929,,767,3,0,60 64,0
54201,'2a2423055d636f354b6d',820,,404,3,0,33 19 34,0,399,,405,3,0,33 19 34,0,195,,406,3,0,33 19 34,0,306,,407,3,0,33 19 34,0,35,,408,3,0,33 19 34,0,65,,402,3,0,33 19 34,0,34,,403,3,0,33 19 34,0
54201,'2f16807a52596335736c',709,,411,3,0,33 19 34,0
55301,'2f16807a52596335736c',1221,,853,3,0,140 19 145 146,0,600,,854,3,0,140 19 145 146,0
57401,'1e386a27476c5b6e1461',1632,,683,3,0,41 42 43,0
57401,'2943795d360756687162',1720,,678,3,0,41 42 43,0
57401,'2a2423055d636f354b6d',835,,680,3,0,41 42 43,0,390,,681,3,0,41 42 43,0,595,,682,3,0,41 42 43,0
