56001,'06752747777a051e0436',1825,,1016,18,0,8 9,0
56001,'0b787c403733425e476a',1815,,571,18,0,8 9,0
56001,'23296d7c775227723c50',1245,,1020,18,0,8 9,0,577,,1018,7,0,8 9,0
56001,'3d034810783c227d733e',1232,,568,18,0,8 9,0,590,,566,7,0,8 9,0
56001,'5e7252525b680b0d0608',700,,563,8,0,8 9,0
56001,'79202867750764183662',703,,1029,8,0,8 9,0
56900,'385c656911630e4e5b28',655,,1057,7,0,8 9,0,1170,,1058,7,0,8 9,0
56900,'3e571d0e2f4c2c455f11',655,,602,7,0,8 9,0,1170,,603,7,0,8 9,0
56900,'5e7252525b680b0d0608',907,,604,15,0,31 32,0,535,,605,15,0,31 32,0
56900,'79202867750764183662',907,,1059,15,0,31 32,0,535,,1060,15,0,31 32,0
