56000,'0a3c663a7d504d200835',1521,,861,8,0,25 26 27 28 29 30,0
56000,'1c2e3625233d01453772',1201,,866,10,0,20 21 22 23 24,0,440,,863,10,0,10 11 12,0
56000,'1f5759673f12020b0a50',1101,,871,8,0,20 21 22 23 24,0,200,,867,10,0,20 21 22 23 24,0,350,,868,10,0,25 26 27 28 29 30,0
56000,'3a511f30370a721b2433',1101,,541,8,0,20 21 22 23 24,0,200,,537,10,0,20 21 22 23 24,0,350,,538,10,0,25 26 27 28 29 30,0
56000,'4f0277002864772e6462',555,,877,2,0,10 11 12,0,201,,880,8,0,25 26 27 28 29 30,0,765,,876,8,0,25 26 27 28 29 30,0
56000,'69181125652d7e4d6a80',1201,,550,10,0,20 21 22 23 24,0,440,,547,10,0,10 11 12,0
56000,'702c275e051204394d01',555,,553,2,0,10 11 12,0,201,,555,8,0,25 26 27 28 29 30,0,765,,551,8,0,25 26 27 28 29 30,0
56001,'1b214b1416243d502f16',1455,,569,24,0,5 6 7,0
56001,'50521e56012a80000201',931,,564,33,0,5 6 7,0,184,,565,33,0,8 9,0,741,,561,33,0,8 9,0,174,,562,33,0,8 9,0
56001,'5a1a4e292a436d472b15',1355,,572,24,0,5 6 7,0
56600,'1b214b1416243d502f16',1122,,594,3,0,10 11 12,0
56600,'4e3d4c28307d7d150c33',1512,,589,11,0,10 11 12,0,128,,590,7,0,10 11 12,0
56600,'50521e56012a80000201',805,,591,2,0,10 11 12,0,140,,592,2,0,10 11 12,0,567,,593,3,0,10 11 12,0
56600,'5a1a4e292a436d472b15',1222,,595,3,0,10 11 12,0
56601,'1b214b1416243d502f16',1240,,600,9,0,13 14 2 15,0
56601,'4e3d4c28307d7d150c33',1102,,596,9,0,5 6 7,0,340,,597,9,0,8 9,0
56601,'50521e56012a80000201',1750,,598,9,0,13 14 2 15,0,90,,599,9,0,16 17,0
56601,'5a1a4e292a436d472b15',1340,,601,9,0,13 14 2 15,0
56900,'50521e56012a80000201',937,,604,21,0,31 32,0,575,,605,21,0,31 32,0
56901,'50521e56012a80000201',1259,,609,5,0,18 19,0,455,,610,5,0,18 19,0
