56000,'06752747777a051e0436',933,,996,2,0,20 21 22 23 24,0,200,,997,4,0,20 21 22 23 24,0,200,,993,2,0,20 21 22 23 24,0,290,,994,4,0,10 11 12,0,35,,995,2,0,25 26 27 28 29 30,0
56000,'0b787c403733425e476a',933,,865,2,0,20 21 22 23 24,0,210,,866,4,0,20 21 22 23 24,0,190,,862,2,0,20 21 22 23 24,0,290,,863,4,0,10 11 12,0,85,,864,2,0,25 26 27 28 29 30,0
56000,'23296d7c775227723c50',903,,1001,2,0,20 21 22 23 24,0,130,,1002,2,0,20 21 22 23 24,0,200,,998,4,0,20 21 22 23 24,0,400,,999,4,0,25 26 27 28 29 30,0,70,,1000,2,0,75 76 77,0
56000,'26326379431d56734a7b',1503,,861,2,0,25 26 27 28 29 30,0
56000,'3d034810783c227d733e',917,,870,2,0,20 21 22 23 24,0,126,,871,2,0,20 21 22 23 24,0,200,,867,4,0,20 21 22 23 24,0,390,,868,4,0,25 26 27 28 29 30,0,70,,869,2,0,75 76 77,0
56000,'43417d1b6169256b1344',1503,,876,2,0,25 26 27 28 29 30,0
56000,'5e7252525b680b0d0608',553,,879,2,0,25 26 27 28 29 30,0,185,,880,2,0,25 26 27 28 29 30,0,1120,,878,2,0,20 21 22 23 24,0
56000,'79202867750764183662',543,,1012,2,0,25 26 27 28 29 30,0,195,,1013,2,0,25 26 27 28 29 30,0,715,,1007,2,0,25 26 27 28 29 30,0,450,,1011,2,0,20 21 22 23 24,0
56001,'06752747777a051e0436',1429,,1014,30,0,5 6 7,0,191,,1015,27,0,8 9,0,215,,1016,23,0,8 9,0
56001,'0b787c403733425e476a',1413,,572,30,0,5 6 7,0,191,,570,27,0,8 9,0,221,,571,23,0,8 9,0
56001,'23296d7c775227723c50',1045,,1019,27,0,8 9,0,210,,1020,23,0,8 9,0,274,,1017,30,0,5 6 7,0,303,,1018,12,0,8 9,0
56001,'3d034810783c227d733e',1032,,567,27,0,8 9,0,210,,568,23,0,8 9,0,271,,569,30,0,5 6 7,0,319,,566,12,0,8 9,0
56001,'5e7252525b680b0d0608',710,,563,13,0,8 9,0,239,,564,39,0,5 6 7,0,184,,565,39,0,8 9,0,612,,560,27,0,8 9,0,169,,561,39,0,8 9,0,134,,562,39,0,8 9,0
56001,'79202867750764183662',713,,1029,13,0,8 9,0,305,,1030,39,0,5 6 7,0,136,,1032,39,0,8 9,0,591,,1026,27,0,8 9,0,188,,1027,39,0,8 9,0,176,,1028,39,0,8 9,0
56600,'385c656911630e4e5b28',1440,,1046,4,0,10 11 12,0,190,,1047,2,0,10 11 12,0
56600,'3e571d0e2f4c2c455f11',1440,,589,4,0,10 11 12,0,190,,590,2,0,10 11 12,0
56601,'385c656911630e4e5b28',1135,,1053,16,0,5 6 7,0,320,,1054,15,0,8 9,0
56601,'3e571d0e2f4c2c455f11',1135,,596,16,0,5 6 7,0,320,,597,15,0,8 9,0
56900,'385c656911630e4e5b28',705,,1057,12,0,8 9,0,1130,,1058,12,0,8 9,0
56900,'3e571d0e2f4c2c455f11',705,,602,12,0,8 9,0,1130,,603,12,0,8 9,0
56901,'385c656911630e4e5b28',930,,1061,2,0,10 11 12,0,770,,1062,2,0,75 76 77,0,200,,1063,2,0,10 11 12,0
56901,'3e571d0e2f4c2c455f11',930,,606,2,0,10 11 12,0,770,,607,2,0,75 76 77,0,200,,608,2,0,10 11 12,0
