52001,'1c2e3625233d01453772',813,,713,5,0,97 36,0,100,,719,5,0,98 50,0,100,,721,5,0,98 50,0,200,,723,5,0,97 36,0,128,,708,22,0,98 50,0,272,,711,5,0,97 36,0,112,,712,22,0,98 50,0,223,,714,22,0,97 36,0,110,,717,5,0,98 50,0
52001,'1f5759673f12020b0a50',1113,,726,5,0,98 50,0,121,,727,22,0,97 36,0,479,,724,5,0,98 50,0,200,,725,5,0,97 36,0
52001,'31744f7e5638320a2d4c',1348,,728,14,0,98 50,0
52001,'59737b0d0f044b52693e',1852,,730,25,0,98 50,0
52001,'7f443a14596255477616',1741,,731,14,0,98 50,0,100,,733,14,0,98 50,0
52101,'3a511f30370a721b2433',1233,,110,22,0,97 36,0
52101,'69181125652d7e4d6a80',1343,,114,22,0,98 50,0,390,,115,22,0,98 50,0,125,,111,22,0,98 50,0,100,,116,22,0,97 36,0,100,,117,22,0,98 50,0
52201,'3a511f30370a721b2433',1111,,128,5,0,98 50,0,600,,129,5,0,98 50,0,200,,130,5,0,97 36,0
52201,'69181125652d7e4d6a80',811,,131,5,0,97 36,0,200,,132,5,0,98 50,0,200,,133,5,0,97 36,0,400,,134,5,0,98 50,0
52201,'702c275e051204394d01',911,,135,5,0,98 50,0
56001,'1b214b1416243d502f16',843,,567,5,0,8 9,0,267,,568,5,0,8 9,0,205,,569,5,0,5 6 7,0
56001,'4e3d4c28307d7d150c33',927,,558,14,0,67 19 23 68,0,385,,559,14,0,67 19 23 68,0,200,,556,14,0,67 37,0,405,,557,14,0,67 37,0
56001,'50521e56012a80000201',751,,564,14,0,5 6 7,0,183,,565,14,0,8 9,0,615,,560,5,0,8 9,0,167,,561,14,0,8 9,0,133,,562,14,0,8 9,0
56001,'5a1a4e292a436d472b15',1215,,572,5,0,5 6 7,0,200,,570,5,0,8 9,0,238,,571,5,0,8 9,0
