52001,'1c2e3625233d01453772',822,,713,8,0,97 36,0,100,,719,8,0,98 50,0,100,,721,8,0,98 50,0,200,,723,8,0,97 36,0,128,,708,25,0,98 50,0,272,,711,8,0,97 36,0,112,,712,25,0,98 50,0,223,,714,25,0,97 36,0,150,,717,8,0,98 50,0
52001,'1f5759673f12020b0a50',1122,,726,8,0,98 50,0,121,,727,25,0,97 36,0,479,,724,8,0,98 50,0,200,,725,8,0,97 36,0
52001,'31744f7e5638320a2d4c',1357,,728,17,0,98 50,0
52001,'59737b0d0f044b52693e',1901,,730,28,0,98 50,0
52001,'7f443a14596255477616',1750,,731,17,0,98 50,0,100,,733,17,0,98 50,0
52101,'1e10375f42313a246a18',1352,,114,25,0,98 50,0,390,,115,25,0,98 50,0,265,,116,25,0,97 36,0,100,,117,25,0,98 50,0
52101,'2173665b1e6d5b0e5d56',1242,,110,25,0,97 36,0
52101,'5a622e2f735638475e4f',1907,,111,25,0,98 50,0
52201,'1e10375f42313a246a18',819,,131,8,0,97 36,0,200,,132,8,0,98 50,0,200,,133,8,0,97 36,0,400,,134,8,0,98 50,0
52201,'2173665b1e6d5b0e5d56',1119,,128,8,0,98 50,0,600,,129,8,0,98 50,0,200,,130,8,0,97 36,0
52201,'614f756f5f66407a564d',919,,135,8,0,98 50,0
