56000,'0a3c663a7d504d200835',1513,,861,6,0,25 26 27 28 29 30,0
56000,'1c2e3625233d01453772',1153,,866,8,0,20 21 22 23 24,0,190,,862,6,0,20 21 22 23 24,0,290,,863,8,0,10 11 12,0
56000,'1f5759673f12020b0a50',1053,,871,6,0,20 21 22 23 24,0,200,,867,8,0,20 21 22 23 24,0,390,,868,8,0,25 26 27 28 29 30,0
56000,'3a511f30370a721b2433',1053,,541,6,0,20 21 22 23 24,0,200,,537,8,0,20 21 22 23 24,0,390,,538,8,0,25 26 27 28 29 30,0
56000,'4f0277002864772e6462',603,,879,6,0,25 26 27 28 29 30,0,145,,880,6,0,25 26 27 28 29 30,0,765,,876,6,0,25 26 27 28 29 30,0
56000,'69181125652d7e4d6a80',1153,,550,8,0,20 21 22 23 24,0,190,,546,6,0,20 21 22 23 24,0,290,,547,8,0,10 11 12,0
56000,'702c275e051204394d01',603,,554,6,0,25 26 27 28 29 30,0,145,,555,6,0,25 26 27 28 29 30,0,765,,551,6,0,25 26 27 28 29 30,0
56001,'1b214b1416243d502f16',1022,,567,23,0,8 9,0,481,,569,26,0,5 6 7,0
56001,'50521e56012a80000201',939,,564,35,0,5 6 7,0,184,,565,35,0,8 9,0,612,,560,23,0,8 9,0,169,,561,35,0,8 9,0,134,,562,35,0,8 9,0
56001,'5a1a4e292a436d472b15',1403,,572,26,0,5 6 7,0,151,,570,23,0,8 9,0
56600,'4e3d4c28307d7d150c33',1447,,589,8,0,10 11 12,0,190,,590,6,0,10 11 12,0
56601,'4e3d4c28307d7d150c33',1107,,596,11,0,5 6 7,0,340,,597,11,0,8 9,0
56900,'50521e56012a80000201',912,,604,18,0,31 32,0,535,,605,18,0,31 32,0
56901,'50521e56012a80000201',1306,,609,7,0,18 19,0,415,,610,7,0,18 19,0
