52001,'1c2e3625233d01453772',803,,713,2,0,97 36,0,100,,719,2,0,98 50,0,100,,721,2,0,98 50,0,200,,723,2,0,97 36,0,128,,708,19,0,98 50,0,272,,711,2,0,97 36,0,112,,712,19,0,98 50,0,223,,714,19,0,97 36,0,110,,717,2,0,98 50,0
52001,'1f5759673f12020b0a50',1103,,726,2,0,98 50,0,119,,727,19,0,97 36,0,481,,724,2,0,98 50,0,200,,725,2,0,97 36,0
52001,'31744f7e5638320a2d4c',1338,,728,11,0,98 50,0
52001,'59737b0d0f044b52693e',1842,,730,22,0,98 50,0
52001,'7f443a14596255477616',1729,,731,11,0,98 50,0,100,,733,11,0,98 50,0
52301,'1c2e3625233d01453772',657,,148,3,0,110 111,0,145,,149,3,0,110 111,0,200,,151,3,0,110 111,0,200,,150,3,0,112 113 114 115,0,200,,152,3,0,110 111,0,200,,153,3,0,110 111,0,210,,154,3,0,112 113 114 115,0
52301,'1f5759673f12020b0a50',1232,,146,3,0,110 111,0,425,,147,3,0,110 111,0
52401,'046347357d327122267c',1117,,156,3,0,65 62 66,0
52501,'1c2e3625233d01453772',727,,162,3,0,53 54,0
52501,'4f0277002864772e6462',1222,,160,3,0,53 54,0,505,,161,3,0,53 54,0
56001,'1c2e3625233d01453772',1207,,572,2,0,5 6 7,0,200,,570,2,0,8 9,0,238,,571,2,0,8 9,0
56001,'1f5759673f12020b0a50',835,,567,2,0,8 9,0,267,,568,2,0,8 9,0,205,,569,2,0,5 6 7,0
56001,'3823594e52252d7f6b14',921,,558,11,0,67 19 23 68,0,385,,559,11,0,67 19 23 68,0,200,,556,11,0,67 37,0,405,,557,11,0,67 37,0
56001,'4f0277002864772e6462',743,,564,11,0,5 6 7,0,183,,565,11,0,8 9,0,609,,560,2,0,8 9,0,173,,561,11,0,8 9,0,133,,562,11,0,8 9,0
