55001,'1e386a27476c5b6e1461',705,,844,6,0,123 121 124,0,1121,,846,7,0,117 17,0
55001,'1e7832711c690d2e452a',1726,,841,7,0,117 17,0
55001,'2943795d360756687162',749,,824,10,0,123 121 124,0,105,,825,10,0,125 126 45 127,0,180,,826,10,0,125 126 45 127,0,785,,823,11,0,125 126 45 127,0
55001,'2a2423055d636f354b6d',1604,,836,11,0,125 126 45 127,0
55001,'31744f7e5638320a2d4c',1346,,830,7,0,117 17,0
55001,'56061576073054406d39',1339,,843,11,0,125 126 45 127,0
55001,'6e2807222c1c15364847',1339,,832,11,0,125 126 45 127,0
55301,'1e386a27476c5b6e1461',1710,,857,11,0,140 19 145 146,0,107,,858,8,0,117 147,0,103,,860,11,0,129 131 132,0
55301,'2f16807a52596335736c',1303,,853,13,0,140 19 145 146,0,600,,854,13,0,140 19 145 146,0
55301,'31744f7e5638320a2d4c',1317,,856,8,0,117 147,0
