52001,'1c2e3625233d01453772',804,,713,3,0,97 36,0,200,,721,3,0,98 50,0,200,,723,3,0,97 36,0,128,,708,20,0,98 50,0,272,,711,3,0,97 36,0,112,,712,20,0,98 50,0,223,,714,20,0,97 36,0,110,,717,3,0,98 50,0
52001,'1f5759673f12020b0a50',1104,,726,3,0,98 50,0,120,,727,20,0,97 36,0,480,,724,3,0,98 50,0,200,,725,3,0,97 36,0
52001,'31744f7e5638320a2d4c',1339,,728,12,0,98 50,0
52001,'4f0277002864772e6462',904,,719,3,0,98 50,0
52001,'59737b0d0f044b52693e',1843,,730,23,0,98 50,0
52001,'7f443a14596255477616',1731,,731,12,0,98 50,0,100,,733,12,0,98 50,0
52301,'1c2e3625233d01453772',658,,148,4,0,110 111,0,145,,149,4,0,110 111,0,200,,151,4,0,110 111,0,200,,150,4,0,112 113 114 115,0,200,,152,4,0,110 111,0,200,,153,4,0,110 111,0,210,,154,4,0,112 113 114 115,0
52301,'1f5759673f12020b0a50',1233,,146,4,0,110 111,0,425,,147,4,0,110 111,0
52401,'046347357d327122267c',1118,,156,4,0,65 62 66,0
52501,'1c2e3625233d01453772',728,,162,4,0,53 54,0
52501,'4f0277002864772e6462',1223,,160,4,0,53 54,0,505,,161,4,0,53 54,0
56001,'1c2e3625233d01453772',1208,,572,3,0,5 6 7,0,200,,570,3,0,8 9,0,238,,571,3,0,8 9,0
56001,'1f5759673f12020b0a50',836,,567,3,0,8 9,0,267,,568,3,0,8 9,0,205,,569,3,0,5 6 7,0
56001,'3823594e52252d7f6b14',922,,558,12,0,67 19 23 68,0,385,,559,12,0,67 19 23 68,0,200,,556,12,0,67 37,0,405,,557,12,0,67 37,0
56001,'4f0277002864772e6462',744,,564,12,0,5 6 7,0,183,,565,12,0,8 9,0,610,,560,3,0,8 9,0,172,,561,12,0,8 9,0,133,,562,12,0,8 9,0
