56001,'06752747777a051e0436',1334,,1014,16,0,5 6 7,0,200,,1015,16,0,8 9,0,276,,1016,16,0,8 9,0
56001,'0b787c403733425e476a',1322,,572,16,0,5 6 7,0,200,,570,16,0,8 9,0,278,,571,16,0,8 9,0
56001,'23296d7c775227723c50',959,,1019,16,0,8 9,0,271,,1020,16,0,8 9,0,204,,1017,16,0,5 6 7,0,373,,1018,5,0,8 9,0
56001,'3d034810783c227d733e',950,,567,16,0,8 9,0,267,,568,16,0,8 9,0,205,,569,16,0,5 6 7,0,385,,566,5,0,8 9,0
56001,'5e7252525b680b0d0608',645,,563,6,0,8 9,0,213,,564,25,0,5 6 7,0,183,,565,25,0,8 9,0,618,,560,16,0,8 9,0,164,,561,25,0,8 9,0,133,,562,25,0,8 9,0
56001,'79202867750764183662',648,,1029,6,0,8 9,0,275,,1030,25,0,5 6 7,0,135,,1032,25,0,8 9,0,601,,1026,16,0,8 9,0,179,,1027,25,0,8 9,0,175,,1028,25,0,8 9,0
56900,'385c656911630e4e5b28',635,,1057,5,0,8 9,0,1170,,1058,5,0,8 9,0
56900,'3e571d0e2f4c2c455f11',635,,602,5,0,8 9,0,1170,,603,5,0,8 9,0
56900,'5e7252525b680b0d0608',852,,604,13,0,31 32,0,575,,605,13,0,31 32,0
56900,'79202867750764183662',852,,1059,13,0,31 32,0,575,,1060,13,0,31 32,0
