55000,'1e386a27476c5b6e1461',727,,822,10,0,35 36 37,0
55000,'1e7832711c690d2e452a',1655,,814,10,0,35 45 116,0,93,,815,10,0,35 45 116,0,107,,817,10,0,35 45 116,0
55000,'31744f7e5638320a2d4c',1348,,809,10,0,35 45 116,0
55001,'1e386a27476c5b6e1461',705,,847,5,0,123 121 124,0,1127,,845,9,0,129 36 130,0
55001,'1e7832711c690d2e452a',1732,,842,9,0,129 36 130,0
55001,'31744f7e5638320a2d4c',1352,,831,9,0,129 36 130,0
55300,'1e386a27476c5b6e1461',631,,850,9,0,25 26 27 28 29 30,0,88,,852,3,0,25 26 27 28 29 30,0
55300,'2f16807a52596335736c',1349,,848,3,0,25 26 27 28 29 30,0
55300,'59737b0d0f044b52693e',619,,849,3,0,25 26 27 28 29 30,0
55301,'1e386a27476c5b6e1461',1725,,857,19,4,,0,95,,859,8,0,129 131 132,0,115,,860,19,0,129 131 132,0
55301,'2f16807a52596335736c',1315,,853,20,4,,0,600,,854,20,4,,0
55301,'31744f7e5638320a2d4c',1320,,855,8,0,129 131 132,0
