56001,'1b214b1416243d502f16',1009,,567,21,0,8 9,0,432,,569,21,0,5 6 7,0
56001,'50521e56012a80000201',917,,564,30,0,5 6 7,0,183,,565,30,0,8 9,0,622,,560,21,0,8 9,0,120,,561,30,0,8 9,0,173,,562,30,0,8 9,0
56001,'5a1a4e292a436d472b15',1341,,572,21,0,5 6 7,0,200,,570,21,0,8 9,0
56600,'1b214b1416243d502f16',1136,,594,6,0,10 11 12,0
56600,'4e3d4c28307d7d150c33',1525,,589,14,0,10 11 12,0,127,,590,10,0,10 11 12,0
56600,'50521e56012a80000201',819,,591,5,0,10 11 12,0,140,,592,5,0,10 11 12,0,567,,593,6,0,10 11 12,0
56600,'5a1a4e292a436d472b15',1236,,595,6,0,10 11 12,0
56601,'1b214b1416243d502f16',1226,,600,6,0,13 14 2 15,0
56601,'4e3d4c28307d7d150c33',1051,,596,6,0,5 6 7,0,380,,597,6,0,8 9,0
56601,'50521e56012a80000201',1736,,598,6,0,13 14 2 15,0,90,,599,6,0,16 17,0
56601,'5a1a4e292a436d472b15',1326,,601,6,0,13 14 2 15,0
56901,'50521e56012a80000201',1246,,609,2,0,18 19,0,455,,610,2,0,18 19,0
