56100,'06752747777a051e0436',1220,,1034,1,0,10 11 12,0
56100,'0b787c403733425e476a',1220,,577,1,0,10 11 12,0
56100,'23296d7c775227723c50',1120,,1035,1,0,10 11 12,0
56100,'385c656911630e4e5b28',1650,,1036,1,0,10 11 12,0
56100,'3d034810783c227d733e',1120,,576,1,0,10 11 12,0
56100,'3e571d0e2f4c2c455f11',1650,,573,1,0,10 11 12,0
56100,'5e7252525b680b0d0608',1535,,574,1,0,10 11 12,0,185,,575,1,0,10 11 12,0
56100,'79202867750764183662',1535,,1037,1,0,10 11 12,0,170,,1038,1,0,10 11 12,0
56101,'06752747777a051e0436',1350,,1039,8,4,,0
56101,'0b787c403733425e476a',1335,,582,8,4,,0
56101,'23296d7c775227723c50',1245,,1040,8,4,,0
56101,'385c656911630e4e5b28',1053,,1041,8,4,,0
56101,'3d034810783c227d733e',1235,,581,8,4,,0
56101,'3e571d0e2f4c2c455f11',1100,,578,8,4,,0
56101,'5e7252525b680b0d0608',915,,579,8,4,,0,185,,580,8,4,,0
56101,'79202867750764183662',940,,1042,8,4,,0,170,,1043,8,4,,0
56900,'5e7252525b680b0d0608',800,,604,1,0,31 32,0,535,,605,1,0,31 32,0
56900,'79202867750764183662',800,,1059,1,0,31 32,0,535,,1060,1,0,31 32,0
56901,'5e7252525b680b0d0608',1445,,609,26,4,,0,455,,610,26,4,,0
56901,'79202867750764183662',1445,,1064,26,4,,0,465,,1065,26,4,,0
