52000,'1e386a27476c5b6e1461',615,,707,6,0,25 26 27 28 29 30,0
52000,'1f5759673f12020b0a50',1040,,701,5,0,20 21 22 23 24,0,294,,702,6,0,25 26 27 28 29 30,0,306,,703,5,0,20 21 22 23 24,0,200,,704,5,0,20 21 22 23 24,0
52000,'2a2423055d636f354b6d',844,,705,6,0,20 21 22 23 24,0
52000,'2f16807a52596335736c',550,,696,5,0,25 26 27 28 29 30,0,105,,698,6,0,25 26 27 28 29 30,0,85,,699,5,0,20 21 22 23 24,0,200,,686,5,0,20 21 22 23 24,0,200,,688,5,0,20 21 22 23 24,0,290,,690,5,0,25 26 27 28 29 30,0,110,,691,5,0,20 21 22 23 24,0,215,,694,5,0,20 21 22 23 24,0,170,,695,5,0,25 26 27 28 29 30,0
56000,'06752747777a051e0436',1119,,996,23,0,20 21 22 23 24,0,230,,997,31,0,20 21 22 23 24,0,191,,993,26,0,20 21 22 23 24,0,304,,995,23,0,25 26 27 28 29 30,0
56000,'16637e0e2315066c486c',1703,,876,29,0,25 26 27 28 29 30,0
56000,'23296d7c775227723c50',1049,,1001,23,0,20 21 22 23 24,0,200,,1002,29,0,20 21 22 23 24,0,200,,998,31,0,20 21 22 23 24,0,400,,999,31,0,25 26 27 28 29 30,0
56000,'262a54422e7775120a3d',1108,,865,23,0,20 21 22 23 24,0,235,,866,31,0,20 21 22 23 24,0,181,,862,26,0,20 21 22 23 24,0,322,,864,23,0,25 26 27 28 29 30,0
56000,'26326379431d56734a7b',1703,,861,30,0,25 26 27 28 29 30,0
56000,'385c656911630e4e5b28',1050,,1005,13,0,25 26 27 28 29 30,0,200,,1006,13,0,25 26 27 28 29 30,0,400,,1003,13,0,25 26 27 28 29 30,0,185,,1004,13,0,25 26 27 28 29 30,0
56000,'3d034810783c227d733e',1048,,870,23,0,20 21 22 23 24,0,195,,871,29,0,20 21 22 23 24,0,200,,867,31,0,20 21 22 23 24,0,392,,868,31,0,25 26 27 28 29 30,0
56000,'3e571d0e2f4c2c455f11',1050,,874,13,0,25 26 27 28 29 30,0,200,,875,13,0,25 26 27 28 29 30,0,400,,872,13,0,25 26 27 28 29 30,0,185,,873,13,0,25 26 27 28 29 30,0
56000,'4a4d6b041568797e730d',744,,879,26,0,25 26 27 28 29 30,0,194,,880,29,0,25 26 27 28 29 30,0,1095,,878,23,0,20 21 22 23 24,0
56000,'79202867750764183662',750,,1012,26,0,25 26 27 28 29 30,0,204,,1013,29,0,25 26 27 28 29 30,0,749,,1008,13,0,25 26 27 28 29 30,0,10,,1007,30,0,25 26 27 28 29 30,0,130,,1009,13,0,25 26 27 28 29 30,0,206,,1011,23,0,20 21 22 23 24,0
