53000,'1e386a27476c5b6e1461',702,,179,11,0,25 26 27 28 29 30,0,56,,180,11,0,25 26 27 28 29 30,0
53000,'20650565243b6617121a',1228,,166,25,0,25 26 27 28 29 30,0
53000,'2a2423055d636f354b6d',718,,176,26,0,25 26 27 28 29 30,0,5,,175,11,0,25 26 27 28 29 30,0,105,,177,25,0,25 26 27 28 29 30,0,100,,178,26,0,25 26 27 28 29 30,0,199,,167,25,0,25 26 27 28 29 30,0,101,,168,26,0,25 26 27 28 29 30,0,100,,169,25,0,25 26 27 28 29 30,0,104,,170,25,0,25 26 27 28 29 30,0,96,,171,26,0,25 26 27 28 29 30,0,200,,172,25,0,25 26 27 28 29 30,0,184,,173,11,0,25 26 27 28 29 30,0,20,,174,25,0,25 26 27 28 29 30,0
53000,'2f16807a52596335736c',657,,181,26,0,25 26 27 28 29 30,0,96,,182,26,0,25 26 27 28 29 30,0
53000,'456016522757102f7256',1027,,165,25,0,25 26 27 28 29 30,0,601,,163,25,0,25 26 27 28 29 30,0,200,,164,25,0,25 26 27 28 29 30,0
57100,'1e386a27476c5b6e1461',737,,916,6,0,106 17,0
57100,'2a2423055d636f354b6d',707,,910,6,0,25 26 27 28 29 30,0,300,,911,6,0,106 17,0,100,,912,6,0,25 26 27 28 29 30,0,220,,913,6,0,25 26 27 28 29 30,0,280,,914,6,0,25 26 27 28 29 30,0,120,,915,6,0,25 26 27 28 29 30,0
57200,'184134507f4517151633',724,,924,5,0,25 26 27 28 29 30,0
57200,'1e386a27476c5b6e1461',659,,649,5,0,25 26 27 28 29 30,0,100,,650,5,0,25 26 27 28 29 30,0
57200,'2a2423055d636f354b6d',1329,,648,5,0,25 26 27 28 29 30,0
57200,'2f16807a52596335736c',1729,,651,5,0,25 26 27 28 29 30,0
