54001,'0a2e2246543d0b4e297d',1041,,784,5,0,60 64,0,200,,785,5,0,60 64,0,200,,786,5,0,60 64,0
54001,'20650565243b6617121a',1039,,765,5,0,58 59,0
54001,'2a2423055d636f354b6d',749,,781,5,0,58 59,0,190,,782,5,0,58 59,0,200,,783,5,0,47 48,0,170,,771,5,0,58 59,0,35,,772,5,0,58 59,0,95,,773,5,0,58 59,0,100,,774,5,0,47 48,0,175,,775,5,0,58 59,0,100,,777,5,0,58 59,0,45,,779,5,0,58 59,0,95,,780,5,0,58 59,0
54001,'2f16807a52596335736c',659,,763,5,0,58 59,0
54001,'456016522757102f7256',839,,769,5,0,58 59,0
54001,'705c7f50195b7058446b',941,,767,5,0,60 64,0
54300,'2a2423055d636f354b6d',742,,791,22,0,35 45 116,0
57401,'1e386a27476c5b6e1461',1648,,683,7,0,41 42 43,0,105,,684,4,0,41 42 43,0,100,,685,4,0,41 42 43,0
57401,'2943795d360756687162',1736,,678,7,0,41 42 43,0
57401,'2a2423055d636f354b6d',851,,680,7,0,41 42 43,0,390,,681,7,0,41 42 43,0,595,,682,7,0,41 42 43,0
57401,'31744f7e5638320a2d4c',1253,,679,4,0,41 42 43,0
