52000,'1e386a27476c5b6e1461',620,,707,7,0,25 26 27 28 29 30,0
52000,'1f5759673f12020b0a50',1045,,701,6,0,20 21 22 23 24,0,294,,702,7,0,25 26 27 28 29 30,0,306,,703,6,0,20 21 22 23 24,0,200,,704,6,0,20 21 22 23 24,0
52000,'2a2423055d636f354b6d',849,,705,7,0,20 21 22 23 24,0
52000,'2f16807a52596335736c',555,,696,6,0,25 26 27 28 29 30,0,145,,698,7,0,25 26 27 28 29 30,0,45,,699,6,0,20 21 22 23 24,0,200,,686,6,0,20 21 22 23 24,0,200,,688,6,0,20 21 22 23 24,0,290,,690,6,0,25 26 27 28 29 30,0,110,,691,6,0,20 21 22 23 24,0,255,,694,6,0,20 21 22 23 24,0,130,,695,6,0,25 26 27 28 29 30,0
52400,'4d1333016f576a2b1861',904,,155,7,0,20 73 74,0
56000,'06752747777a051e0436',1124,,996,24,0,20 21 22 23 24,0,230,,997,32,0,20 21 22 23 24,0,191,,993,27,0,20 21 22 23 24,0,304,,995,24,0,25 26 27 28 29 30,0
56000,'16637e0e2315066c486c',1707,,876,30,0,25 26 27 28 29 30,0
56000,'23296d7c775227723c50',1054,,1001,24,0,20 21 22 23 24,0,200,,1002,30,0,20 21 22 23 24,0,200,,998,32,0,20 21 22 23 24,0,400,,999,32,0,25 26 27 28 29 30,0
56000,'262a54422e7775120a3d',1112,,865,24,0,20 21 22 23 24,0,235,,866,32,0,20 21 22 23 24,0,181,,862,27,0,20 21 22 23 24,0,322,,864,24,0,25 26 27 28 29 30,0
56000,'26326379431d56734a7b',1707,,861,31,0,25 26 27 28 29 30,0
56000,'385c656911630e4e5b28',1055,,1005,14,0,25 26 27 28 29 30,0,200,,1006,14,0,25 26 27 28 29 30,0,400,,1003,14,0,25 26 27 28 29 30,0,185,,1004,14,0,25 26 27 28 29 30,0
56000,'3d034810783c227d733e',1052,,870,24,0,20 21 22 23 24,0,195,,871,30,0,20 21 22 23 24,0,200,,867,32,0,20 21 22 23 24,0,392,,868,32,0,25 26 27 28 29 30,0
56000,'3e571d0e2f4c2c455f11',1055,,874,14,0,25 26 27 28 29 30,0,200,,875,14,0,25 26 27 28 29 30,0,400,,872,14,0,25 26 27 28 29 30,0,185,,873,14,0,25 26 27 28 29 30,0
56000,'4a4d6b041568797e730d',748,,879,27,0,25 26 27 28 29 30,0,194,,880,30,0,25 26 27 28 29 30,0,1095,,878,24,0,20 21 22 23 24,0
56000,'79202867750764183662',755,,1012,27,0,25 26 27 28 29 30,0,204,,1013,30,0,25 26 27 28 29 30,0,749,,1008,14,0,25 26 27 28 29 30,0,10,,1007,31,0,25 26 27 28 29 30,0,130,,1009,14,0,25 26 27 28 29 30,0,206,,1011,24,0,20 21 22 23 24,0
