56001,'06752747777a051e0436',1426,,1014,29,0,5 6 7,0,191,,1015,26,0,8 9,0,215,,1016,22,0,8 9,0
56001,'0b787c403733425e476a',1410,,572,29,0,5 6 7,0,191,,570,26,0,8 9,0,221,,571,22,0,8 9,0
56001,'23296d7c775227723c50',1042,,1019,26,0,8 9,0,210,,1020,22,0,8 9,0,274,,1017,29,0,5 6 7,0,303,,1018,11,0,8 9,0
56001,'3d034810783c227d733e',1029,,567,26,0,8 9,0,210,,568,22,0,8 9,0,271,,569,29,0,5 6 7,0,319,,566,11,0,8 9,0
56001,'5e7252525b680b0d0608',707,,563,12,0,8 9,0,239,,564,38,0,5 6 7,0,184,,565,38,0,8 9,0,612,,560,26,0,8 9,0,169,,561,38,0,8 9,0,134,,562,38,0,8 9,0
56001,'79202867750764183662',710,,1029,12,0,8 9,0,305,,1030,38,0,5 6 7,0,136,,1032,38,0,8 9,0,591,,1026,26,0,8 9,0,188,,1027,38,0,8 9,0,176,,1028,38,0,8 9,0
56601,'385c656911630e4e5b28',1134,,1053,15,0,5 6 7,0,320,,1054,14,0,8 9,0
56601,'3e571d0e2f4c2c455f11',1134,,596,15,0,5 6 7,0,320,,597,14,0,8 9,0
56900,'385c656911630e4e5b28',704,,1057,11,0,8 9,0,1130,,1058,11,0,8 9,0
56900,'3e571d0e2f4c2c455f11',704,,602,11,0,8 9,0,1130,,603,11,0,8 9,0
