54000,'0d037a68582d69204727',1625,,735,4,0,25 26 27 28 29 30,0
54000,'1e386a27476c5b6e1461',605,,760,4,0,25 26 27 28 29 30,0
54000,'2a2423055d636f354b6d',615,,749,4,0,25 26 27 28 29 30,0,15,,750,4,0,25 26 27 28 29 30,0,75,,751,4,0,25 26 27 28 29 30,0,25,,752,4,0,25 26 27 28 29 30,0,195,,753,7,0,25 26 27 28 29 30,0,300,,742,4,0,25 26 27 28 29 30,0,110,,743,4,0,25 26 27 28 29 30,0,90,,744,7,0,25 26 27 28 29 30,0,100,,745,4,0,25 26 27 28 29 30,0,200,,746,4,0,25 26 27 28 29 30,0,75,,747,4,0,25 26 27 28 29 30,0,25,,748,7,0,25 26 27 28 29 30,0
54000,'4222041c237916795e5b',1625,,739,4,0,25 26 27 28 29 30,0
54000,'456016522757102f7256',825,,740,4,0,25 26 27 28 29 30,0,200,,741,4,0,25 26 27 28 29 30,0
54000,'5839460d757725570f41',1425,,756,4,0,25 26 27 28 29 30,0
54001,'1e386a27476c5b6e1461',1745,,787,14,0,58 59,0,105,,788,14,0,58 59,0
54001,'20650565243b6617121a',1130,,765,17,0,58 59,0,225,,764,13,0,58 59,0
54001,'2a2423055d636f354b6d',840,,781,17,0,58 59,0,190,,782,17,0,58 59,0,200,,783,17,0,47 48,0,103,,770,13,0,58 59,0,67,,771,17,0,58 59,0,35,,772,17,0,58 59,0,95,,773,17,0,58 59,0,100,,774,17,0,47 48,0,175,,775,17,0,58 59,0,28,,776,13,0,47 48,0,72,,777,17,0,58 59,0,28,,778,13,0,58 59,0,17,,779,17,0,58 59,0,95,,780,17,0,58 59,0
54001,'2f16807a52596335736c',750,,763,17,0,58 59,0
54001,'31744f7e5638320a2d4c',1355,,766,14,0,58 59,0
54001,'456016522757102f7256',930,,769,17,0,58 59,0,803,,768,13,0,58 59,0
