56001,'06752747777a051e0436',1826,,1016,19,0,8 9,0
56001,'0b787c403733425e476a',1816,,571,19,0,8 9,0
56001,'23296d7c775227723c50',1246,,1020,19,0,8 9,0,577,,1018,8,0,8 9,0
56001,'3d034810783c227d733e',1233,,568,19,0,8 9,0,590,,566,8,0,8 9,0
56001,'5e7252525b680b0d0608',701,,563,9,0,8 9,0
56001,'79202867750764183662',704,,1029,9,0,8 9,0
56900,'385c656911630e4e5b28',656,,1057,8,0,8 9,0,1170,,1058,8,0,8 9,0
56900,'3e571d0e2f4c2c455f11',656,,602,8,0,8 9,0,1170,,603,8,0,8 9,0
56900,'5e7252525b680b0d0608',908,,604,16,0,31 32,0,535,,605,16,0,31 32,0
56900,'79202867750764183662',908,,1059,16,0,31 32,0,535,,1060,16,0,31 32,0
