56000,'06752747777a051e0436',1209,,997,14,0,20 21 22 23 24,0,191,,993,9,0,20 21 22 23 24,0,259,,994,14,0,10 11 12,0
56000,'0b787c403733425e476a',1219,,866,14,0,20 21 22 23 24,0,181,,862,9,0,20 21 22 23 24,0,259,,863,14,0,10 11 12,0
56000,'23296d7c775227723c50',1109,,1002,12,0,20 21 22 23 24,0,200,,998,14,0,20 21 22 23 24,0,400,,999,14,0,25 26 27 28 29 30,0
56000,'26326379431d56734a7b',1539,,861,12,0,25 26 27 28 29 30,0
56000,'3d034810783c227d733e',1119,,871,12,0,20 21 22 23 24,0,200,,867,14,0,20 21 22 23 24,0,390,,868,14,0,25 26 27 28 29 30,0
56000,'43417d1b6169256b1344',1539,,876,12,0,25 26 27 28 29 30,0
56000,'5e7252525b680b0d0608',620,,879,9,0,25 26 27 28 29 30,0,194,,880,12,0,25 26 27 28 29 30,0
56000,'79202867750764183662',610,,1012,9,0,25 26 27 28 29 30,0,204,,1013,12,0,25 26 27 28 29 30,0,715,,1007,12,0,25 26 27 28 29 30,0
56600,'06752747777a051e0436',1233,,1044,8,0,10 11 12,0
56600,'0b787c403733425e476a',1240,,595,8,0,10 11 12,0
56600,'23296d7c775227723c50',1133,,1045,8,0,10 11 12,0
56600,'385c656911630e4e5b28',1528,,1046,16,0,10 11 12,0,130,,1047,12,0,10 11 12,0
56600,'3d034810783c227d733e',1140,,594,8,0,10 11 12,0
56600,'3e571d0e2f4c2c455f11',1529,,589,16,0,10 11 12,0,174,,590,12,0,10 11 12,0
56600,'5e7252525b680b0d0608',823,,591,7,0,10 11 12,0,180,,592,7,0,10 11 12,0,527,,593,8,0,10 11 12,0
56600,'79202867750764183662',823,,1048,7,0,10 11 12,0,120,,1049,7,0,10 11 12,0,590,,1050,8,0,10 11 12,0
