56400,'136e6b484c454e417465',1655,,583,1,0,69 26,0
56400,'183c4e6962076a683377',1100,,881,1,0,69 26,0
56400,'39206428010a3522612d',1740,,882,1,0,69 26,0
56400,'4210105e07251f32714c',1655,,883,1,0,69 26,0
56400,'554b630955771e7c2224',1100,,585,1,0,69 26,0
56400,'702c275e051204394d01',1740,,584,1,0,69 26,0
56401,'183c4e6962076a683377',1100,,884,3,4,,0,105,,885,3,4,,0
56401,'39206428010a3522612d',850,,886,2,4,,0
56401,'554b630955771e7c2224',1100,,587,3,4,,0,105,,588,3,4,,0
56401,'702c275e051204394d01',850,,586,2,4,,0
