52300,'1b214b1416243d502f16',730,,137,13,0,20 21 22 23 24,0,591,,138,13,0,20 21 22 23 24,0,425,,136,13,0,20 21 22 23 24,0
52300,'5a1a4e292a436d472b15',615,,139,13,0,20 21 22 23 24,0,131,,141,13,0,20 21 22 23 24,0,105,,142,13,0,20 21 22 23 24,0,200,,143,13,0,20 21 22 23 24,0,304,,140,13,0,20 21 22 23 24,0,98,,144,13,0,20 21 22 23 24,0,198,,145,13,0,20 21 22 23 24,0
52301,'1b214b1416243d502f16',1230,,146,1,0,110 111,0,425,,147,1,0,110 111,0
52301,'5a1a4e292a436d472b15',655,,148,1,0,110 111,0,145,,149,1,0,110 111,0,200,,151,1,0,110 111,0,200,,150,1,0,112 113 114 115,0,200,,152,1,0,110 111,0,200,,153,1,0,110 111,0,210,,154,1,0,112 113 114 115,0
52400,'016738000a0412055c5b',911,,155,11,4,,0
52401,'016738000a0412055c5b',1115,,156,1,0,65 62 66,0
52500,'50521e56012a80000201',832,,157,7,0,20 21 22 23 24,0,500,,158,7,0,20 21 22 23 24,0
52500,'5a1a4e292a436d472b15',1832,,159,7,0,20 21 22 23 24,0
52501,'50521e56012a80000201',1220,,160,1,0,53 54,0,505,,161,1,0,53 54,0
52501,'5a1a4e292a436d472b15',725,,162,1,0,53 54,0
