56101,'06752747777a051e0436',1337,,1039,6,0,18 19,0
56101,'23296d7c775227723c50',1232,,1040,6,0,18 19,0
56101,'262a54422e7775120a3d',1322,,582,6,0,18 19,0
56101,'385c656911630e4e5b28',1040,,1041,6,0,18 19,0
56101,'3d034810783c227d733e',1222,,581,6,0,18 19,0
56101,'3e571d0e2f4c2c455f11',1047,,578,6,0,18 19,0
56101,'4a4d6b041568797e730d',902,,579,6,0,18 19,0,145,,580,6,0,18 19,0
56101,'79202867750764183662',927,,1042,6,0,18 19,0,130,,1043,6,0,18 19,0
56901,'4a4d6b041568797e730d',1432,,609,24,0,18 19,0,415,,610,24,0,18 19,0
56901,'79202867750764183662',1432,,1064,24,0,18 19,0,425,,1065,24,0,18 19,0
