56101,'06752747777a051e0436',1325,,1039,2,0,18 19,0
56101,'0b787c403733425e476a',1310,,582,2,0,18 19,0
56101,'23296d7c775227723c50',1220,,1040,2,0,18 19,0
56101,'385c656911630e4e5b28',1028,,1041,2,0,18 19,0
56101,'3d034810783c227d733e',1210,,581,2,0,18 19,0
56101,'3e571d0e2f4c2c455f11',1030,,578,2,0,18 19,0
56101,'5e7252525b680b0d0608',850,,579,2,0,18 19,0,185,,580,2,0,18 19,0
56101,'79202867750764183662',915,,1042,2,0,18 19,0,130,,1043,2,0,18 19,0
56901,'5e7252525b680b0d0608',1415,,609,20,0,18 19,0,415,,610,20,0,18 19,0
56901,'79202867750764183662',1415,,1064,20,0,18 19,0,425,,1065,20,0,18 19,0
