54000,'0a2e2246543d0b4e297d',1220,,757,12,0,25 26 27 28 29 30,0,400,,758,12,0,25 26 27 28 29 30,0,95,,759,12,0,25 26 27 28 29 30,0
54000,'0d037a68582d69204727',1730,,735,17,0,25 26 27 28 29 30,0
54000,'1e386a27476c5b6e1461',707,,760,15,0,25 26 27 28 29 30,0
54000,'2a2423055d636f354b6d',714,,749,14,0,25 26 27 28 29 30,0,15,,750,14,0,25 26 27 28 29 30,0,75,,751,14,0,25 26 27 28 29 30,0,25,,752,14,0,25 26 27 28 29 30,0,201,,753,19,0,25 26 27 28 29 30,0,300,,742,16,0,25 26 27 28 29 30,0,110,,743,16,0,25 26 27 28 29 30,0,90,,744,19,0,25 26 27 28 29 30,0,100,,745,16,0,25 26 27 28 29 30,0,200,,746,17,0,25 26 27 28 29 30,0,75,,747,16,0,25 26 27 28 29 30,0,25,,748,19,0,25 26 27 28 29 30,0
54000,'31744f7e5638320a2d4c',1321,,736,6,0,25 26 27 28 29 30,0
54000,'4222041c237916795e5b',1730,,739,16,0,25 26 27 28 29 30,0
54000,'456016522757102f7256',930,,740,16,0,25 26 27 28 29 30,0,200,,741,16,0,25 26 27 28 29 30,0
54000,'56061576073054406d39',1321,,755,5,0,25 26 27 28 29 30,0
54000,'5839460d757725570f41',1530,,756,16,0,25 26 27 28 29 30,0
54000,'6e2807222c1c15364847',1321,,737,5,0,25 26 27 28 29 30,0
54000,'705c7f50195b7058446b',1920,,738,12,0,25 26 27 28 29 30,0
54200,'1e386a27476c5b6e1461',737,,399,14,4,,0
54200,'2a2423055d636f354b6d',730,,392,22,4,,0,114,,393,18,4,,0,300,,394,16,4,,0,186,,395,24,4,,0,304,,396,22,4,,0,181,,391,22,4,,0
54200,'2f16807a52596335736c',805,,400,22,4,,0
55300,'1e386a27476c5b6e1461',808,,852,18,4,,0
55300,'2f16807a52596335736c',1438,,848,18,4,,0
55300,'59737b0d0f044b52693e',708,,849,18,4,,0
57400,'184134507f4517151633',658,,925,9,0,25 26 27 28 29 30,0
57400,'1e386a27476c5b6e1461',711,,676,7,0,25 26 27 28 29 30,0,95,,677,9,0,25 26 27 28 29 30,0
57400,'2a2423055d636f354b6d',727,,672,11,0,25 26 27 28 29 30,0,596,,673,9,0,25 26 27 28 29 30,0,410,,674,9,0,25 26 27 28 29 30,0
