56000,'06752747777a051e0436',1210,,997,15,0,20 21 22 23 24,0,191,,993,10,0,20 21 22 23 24,0,299,,994,15,0,10 11 12,0
56000,'0b787c403733425e476a',1220,,866,15,0,20 21 22 23 24,0,181,,862,10,0,20 21 22 23 24,0,299,,863,15,0,10 11 12,0
56000,'23296d7c775227723c50',1110,,1002,13,0,20 21 22 23 24,0,200,,998,15,0,20 21 22 23 24,0,400,,999,15,0,25 26 27 28 29 30,0
56000,'26326379431d56734a7b',1540,,861,13,0,25 26 27 28 29 30,0
56000,'3d034810783c227d733e',1120,,871,13,0,20 21 22 23 24,0,200,,867,15,0,20 21 22 23 24,0,390,,868,15,0,25 26 27 28 29 30,0
56000,'43417d1b6169256b1344',1540,,876,13,0,25 26 27 28 29 30,0
56000,'5e7252525b680b0d0608',621,,879,10,0,25 26 27 28 29 30,0,194,,880,13,0,25 26 27 28 29 30,0
56000,'79202867750764183662',611,,1012,10,0,25 26 27 28 29 30,0,204,,1013,13,0,25 26 27 28 29 30,0,715,,1007,13,0,25 26 27 28 29 30,0
56600,'06752747777a051e0436',1234,,1044,9,0,10 11 12,0
56600,'0b787c403733425e476a',1241,,595,9,0,10 11 12,0
56600,'23296d7c775227723c50',1134,,1045,9,0,10 11 12,0
56600,'385c656911630e4e5b28',1529,,1046,17,0,10 11 12,0,130,,1047,13,0,10 11 12,0
56600,'3d034810783c227d733e',1141,,594,9,0,10 11 12,0
56600,'3e571d0e2f4c2c455f11',1530,,589,17,0,10 11 12,0,177,,590,13,0,10 11 12,0
56600,'5e7252525b680b0d0608',824,,591,8,0,10 11 12,0,180,,592,8,0,10 11 12,0,527,,593,9,0,10 11 12,0
56600,'79202867750764183662',824,,1048,8,0,10 11 12,0,120,,1049,8,0,10 11 12,0,590,,1050,9,0,10 11 12,0
