56000,'06752747777a051e0436',1036,,996,16,0,20 21 22 23 24,0,270,,997,24,0,20 21 22 23 24,0,151,,993,19,0,20 21 22 23 24,0,344,,995,16,0,25 26 27 28 29 30,0
56000,'0b787c403733425e476a',1028,,865,16,0,20 21 22 23 24,0,275,,866,24,0,20 21 22 23 24,0,141,,862,19,0,20 21 22 23 24,0,359,,864,16,0,25 26 27 28 29 30,0
56000,'23296d7c775227723c50',1006,,1001,16,0,20 21 22 23 24,0,200,,1002,22,0,20 21 22 23 24,0,200,,998,24,0,20 21 22 23 24,0,400,,999,24,0,25 26 27 28 29 30,0
56000,'26326379431d56734a7b',1623,,861,23,0,25 26 27 28 29 30,0
56000,'385c656911630e4e5b28',1005,,1005,6,0,25 26 27 28 29 30,0,200,,1006,6,0,25 26 27 28 29 30,0,400,,1003,6,0,25 26 27 28 29 30,0,145,,1004,6,0,25 26 27 28 29 30,0
56000,'3d034810783c227d733e',1008,,870,16,0,20 21 22 23 24,0,195,,871,22,0,20 21 22 23 24,0,200,,867,24,0,20 21 22 23 24,0,350,,868,24,0,25 26 27 28 29 30,0
56000,'3e571d0e2f4c2c455f11',1005,,874,6,0,25 26 27 28 29 30,0,200,,875,6,0,25 26 27 28 29 30,0,400,,872,6,0,25 26 27 28 29 30,0,145,,873,6,0,25 26 27 28 29 30,0
56000,'43417d1b6169256b1344',1623,,876,22,0,25 26 27 28 29 30,0
56000,'5e7252525b680b0d0608',704,,879,19,0,25 26 27 28 29 30,0,154,,880,22,0,25 26 27 28 29 30,0,1095,,878,16,0,20 21 22 23 24,0
56000,'79202867750764183662',707,,1012,19,0,25 26 27 28 29 30,0,204,,1013,22,0,25 26 27 28 29 30,0,707,,1008,6,0,25 26 27 28 29 30,0,10,,1007,23,0,25 26 27 28 29 30,0,130,,1009,6,0,25 26 27 28 29 30,0,248,,1011,16,0,20 21 22 23 24,0
