56001,'06752747777a051e0436',1329,,1014,15,0,5 6 7,0,200,,1015,15,0,8 9,0,276,,1016,15,0,8 9,0
56001,'0b787c403733425e476a',1317,,572,15,0,5 6 7,0,200,,570,15,0,8 9,0,238,,571,15,0,8 9,0
56001,'23296d7c775227723c50',954,,1019,15,0,8 9,0,271,,1020,15,0,8 9,0,204,,1017,15,0,5 6 7,0,373,,1018,4,0,8 9,0
56001,'385c656911630e4e5b28',1030,,1024,24,4,,0,2,,1025,24,4,,0,383,,1021,24,4,,0,200,,1022,24,0,67 37,0,405,,1023,24,0,67 37,0
56001,'3d034810783c227d733e',945,,567,15,0,8 9,0,267,,568,15,0,8 9,0,205,,569,15,0,5 6 7,0,385,,566,4,0,8 9,0
56001,'3e571d0e2f4c2c455f11',1032,,558,24,4,,0,385,,559,24,4,,0,200,,556,24,0,67 37,0,405,,557,24,0,67 37,0
56001,'5e7252525b680b0d0608',640,,563,5,0,8 9,0,213,,564,24,0,5 6 7,0,183,,565,24,0,8 9,0,618,,560,15,0,8 9,0,164,,561,24,0,8 9,0,133,,562,24,0,8 9,0
56001,'79202867750764183662',643,,1029,5,0,8 9,0,275,,1030,24,0,5 6 7,0,2,,1031,24,4,,0,112,,1033,24,4,,0,21,,1032,24,0,8 9,0,601,,1026,15,0,8 9,0,179,,1027,24,0,8 9,0,175,,1028,24,0,8 9,0
56900,'385c656911630e4e5b28',630,,1057,4,0,8 9,0,1170,,1058,4,0,8 9,0
56900,'3e571d0e2f4c2c455f11',630,,602,4,0,8 9,0,1170,,603,4,0,8 9,0
56900,'5e7252525b680b0d0608',847,,604,12,0,31 32,0,575,,605,12,0,31 32,0
56900,'79202867750764183662',847,,1059,12,0,31 32,0,575,,1060,12,0,31 32,0
