54000,'0d037a68582d69204727',1707,,735,13,0,25 26 27 28 29 30,0
54000,'1e386a27476c5b6e1461',648,,760,13,0,25 26 27 28 29 30,0,1107,,761,1,0,25 26 27 28 29 30,0
54000,'1e7832711c690d2e452a',1655,,754,1,0,25 26 27 28 29 30,0
54000,'2a2423055d636f354b6d',1807,,746,13,0,25 26 27 28 29 30,0
54000,'31744f7e5638320a2d4c',1301,,736,2,0,25 26 27 28 29 30,0
54001,'0e5131610429337c0530',830,,762,5,4,,0
54001,'1e386a27476c5b6e1461',805,,790,5,0,35 45 116,0,895,,787,5,0,58 59,0,105,,788,5,0,58 59,0
54001,'31744f7e5638320a2d4c',1310,,766,5,0,58 59,0
55000,'1e386a27476c5b6e1461',805,,819,4,4,,0
55001,'1e386a27476c5b6e1461',1755,,846,1,0,117 17,0
55001,'1e7832711c690d2e452a',1655,,841,1,0,117 17,0
55001,'2943795d360756687162',1754,,823,2,0,125 126 45 127,0
55001,'2a2423055d636f354b6d',1540,,836,2,0,125 126 45 127,0
55001,'31744f7e5638320a2d4c',1315,,830,1,0,117 17,0
55001,'56061576073054406d39',1315,,843,2,0,125 126 45 127,0
55001,'6e2807222c1c15364847',1315,,832,2,0,125 126 45 127,0
