55000,'0a067c057b2b05087239',658,,801,3,0,35 45 116,0
55000,'1a223768176411647430',1748,,805,4,0,35 45 116,0
55000,'1e386a27476c5b6e1461',713,,822,3,0,35 36 37,0
55000,'1e7832711c690d2e452a',1633,,814,3,0,35 45 116,0,100,,815,3,0,35 45 116,0,100,,817,3,0,35 45 116,0
55000,'2943795d360756687162',858,,803,3,0,35 45 116,0,100,,804,3,0,35 45 116,0,300,,802,8,0,35 45 116,0
55000,'31744f7e5638320a2d4c',1333,,809,3,0,35 45 116,0
55000,'56061576073054406d39',1748,,818,4,0,35 45 116,0
55001,'1e386a27476c5b6e1461',722,,847,12,0,123 121 124,0,1228,,845,16,4,,0
55001,'1e7832711c690d2e452a',1750,,842,16,4,,0
55001,'2943795d360756687162',811,,824,21,0,123 121 124,0,105,,825,21,0,125 126 45 127,0,140,,826,21,0,125 126 45 127,0,785,,823,22,0,125 126 45 127,0
55001,'2a2423055d636f354b6d',1626,,836,22,0,125 126 45 127,0
55001,'31744f7e5638320a2d4c',1410,,831,16,4,,0
55001,'56061576073054406d39',1401,,843,22,0,125 126 45 127,0
55001,'6e2807222c1c15364847',1401,,832,22,0,125 126 45 127,0
55300,'1e386a27476c5b6e1461',618,,850,2,0,25 26 27 28 29 30,0
55301,'1e386a27476c5b6e1461',1828,,859,13,0,129 131 132,0,115,,860,24,0,129 131 132,0
55301,'31744f7e5638320a2d4c',1328,,855,13,0,129 131 132,0
