51101,'2f16807a52596335736c',900,,72,10,0,104 105,0,200,,73,10,0,104 105,0,240,,74,10,0,104 105,0,190,,76,10,0,104 105,0
52000,'1e386a27476c5b6e1461',640,,706,4,0,25 26 27 28 29 30,0
52000,'1f5759673f12020b0a50',1413,,702,17,0,25 26 27 28 29 30,0
52000,'2f16807a52596335736c',531,,693,8,0,25 26 27 28 29 30,0,104,,696,18,0,25 26 27 28 29 30,0,70,,697,10,0,25 26 27 28 29 30,0,33,,698,19,0,25 26 27 28 29 30,0,174,,700,8,0,25 26 27 28 29 30,0,200,,687,8,0,25 26 27 28 29 30,0,200,,689,8,0,25 26 27 28 29 30,0,197,,690,16,0,25 26 27 28 29 30,0,304,,692,10,0,25 26 27 28 29 30,0,190,,695,16,0,25 26 27 28 29 30,0
56000,'06752747777a051e0436',1918,,995,32,0,25 26 27 28 29 30,0
56000,'16637e0e2315066c486c',1734,,876,38,0,25 26 27 28 29 30,0
56000,'23296d7c775227723c50',1923,,999,40,0,25 26 27 28 29 30,0
56000,'262a54422e7775120a3d',1918,,864,32,0,25 26 27 28 29 30,0
56000,'26326379431d56734a7b',1734,,861,39,0,25 26 27 28 29 30,0
56000,'385c656911630e4e5b28',1120,,1005,22,0,25 26 27 28 29 30,0,200,,1006,22,0,25 26 27 28 29 30,0,400,,1003,22,0,25 26 27 28 29 30,0,185,,1004,22,0,25 26 27 28 29 30,0
56000,'3d034810783c227d733e',1906,,868,40,0,25 26 27 28 29 30,0
56000,'3e571d0e2f4c2c455f11',1120,,874,22,0,25 26 27 28 29 30,0,200,,875,22,0,25 26 27 28 29 30,0,400,,872,22,0,25 26 27 28 29 30,0,185,,873,22,0,25 26 27 28 29 30,0
56000,'4a4d6b041568797e730d',815,,879,35,0,25 26 27 28 29 30,0,194,,880,38,0,25 26 27 28 29 30,0
56000,'79202867750764183662',824,,1012,35,0,25 26 27 28 29 30,0,204,,1013,38,0,25 26 27 28 29 30,0,705,,1008,22,0,25 26 27 28 29 30,0,18,,1007,39,0,25 26 27 28 29 30,0,162,,1009,22,0,25 26 27 28 29 30,0
