56001,'06752747777a051e0436',1828,,1016,20,0,8 9,0
56001,'0b787c403733425e476a',1818,,571,20,0,8 9,0
56001,'23296d7c775227723c50',1248,,1020,20,0,8 9,0,577,,1018,9,0,8 9,0
56001,'3d034810783c227d733e',1235,,568,20,0,8 9,0,590,,566,9,0,8 9,0
56001,'5e7252525b680b0d0608',703,,563,10,0,8 9,0
56001,'79202867750764183662',706,,1029,10,0,8 9,0
56900,'385c656911630e4e5b28',700,,1057,9,0,8 9,0,1130,,1058,9,0,8 9,0
56900,'3e571d0e2f4c2c455f11',700,,602,9,0,8 9,0,1130,,603,9,0,8 9,0
56900,'5e7252525b680b0d0608',910,,604,17,0,31 32,0,535,,605,17,0,31 32,0
56900,'79202867750764183662',910,,1059,17,0,31 32,0,535,,1060,17,0,31 32,0
