56000,'06752747777a051e0436',1021,,996,14,0,20 21 22 23 24,0,225,,997,22,0,20 21 22 23 24,0,191,,993,17,0,20 21 22 23 24,0,299,,994,22,0,10 11 12,0,10,,995,14,0,25 26 27 28 29 30,0
56000,'0b787c403733425e476a',1013,,865,14,0,20 21 22 23 24,0,233,,866,22,0,20 21 22 23 24,0,181,,862,17,0,20 21 22 23 24,0,299,,863,22,0,10 11 12,0,22,,864,14,0,25 26 27 28 29 30,0
56000,'23296d7c775227723c50',951,,1001,14,0,20 21 22 23 24,0,195,,1002,20,0,20 21 22 23 24,0,200,,998,22,0,20 21 22 23 24,0,400,,999,22,0,25 26 27 28 29 30,0,5,,1000,14,4,,0
56000,'26326379431d56734a7b',1606,,861,21,0,25 26 27 28 29 30,0
56000,'385c656911630e4e5b28',951,,1005,4,0,25 26 27 28 29 30,0,200,,1006,4,0,25 26 27 28 29 30,0,400,,1003,4,0,25 26 27 28 29 30,0,185,,1004,4,0,25 26 27 28 29 30,0
56000,'3d034810783c227d733e',953,,870,14,0,20 21 22 23 24,0,193,,871,20,0,20 21 22 23 24,0,200,,867,22,0,20 21 22 23 24,0,390,,868,22,0,25 26 27 28 29 30,0,7,,869,14,4,,0
56000,'3e571d0e2f4c2c455f11',951,,874,4,0,25 26 27 28 29 30,0,200,,875,4,0,25 26 27 28 29 30,0,400,,872,4,0,25 26 27 28 29 30,0,185,,873,4,0,25 26 27 28 29 30,0
56000,'43417d1b6169256b1344',1606,,876,20,0,25 26 27 28 29 30,0
56000,'5e7252525b680b0d0608',647,,879,17,0,25 26 27 28 29 30,0,194,,880,20,0,25 26 27 28 29 30,0,1097,,878,14,0,20 21 22 23 24,0
56000,'79202867750764183662',647,,1012,17,0,25 26 27 28 29 30,0,204,,1013,20,0,25 26 27 28 29 30,0,753,,1008,4,0,25 26 27 28 29 30,0,5,,1007,21,0,25 26 27 28 29 30,0,135,,1009,4,0,25 26 27 28 29 30,0,207,,1011,14,0,20 21 22 23 24,0
56001,'06752747777a051e0436',1322,,1014,12,0,5 6 7,0,200,,1015,12,0,8 9,0,236,,1016,12,0,8 9,0
56001,'0b787c403733425e476a',1312,,572,12,0,5 6 7,0,200,,570,12,0,8 9,0,238,,571,12,0,8 9,0
56001,'23296d7c775227723c50',947,,1019,12,0,8 9,0,271,,1020,12,0,8 9,0,204,,1017,12,0,5 6 7,0,333,,1018,1,0,8 9,0
56001,'385c656911630e4e5b28',1025,,1024,21,0,67 19 23 68,0,2,,1025,21,0,67 19 23 68,0,383,,1021,21,0,67 19 23 68,0,200,,1022,21,0,67 37,0,405,,1023,21,0,67 37,0
56001,'3d034810783c227d733e',940,,567,12,0,8 9,0,267,,568,12,0,8 9,0,205,,569,12,0,5 6 7,0,343,,566,1,0,8 9,0
56001,'3e571d0e2f4c2c455f11',1027,,558,21,0,67 19 23 68,0,385,,559,21,0,67 19 23 68,0,200,,556,21,0,67 37,0,405,,557,21,0,67 37,0
56001,'5e7252525b680b0d0608',635,,563,2,0,8 9,0,213,,564,21,0,5 6 7,0,183,,565,21,0,8 9,0,616,,560,12,0,8 9,0,166,,561,21,0,8 9,0,133,,562,21,0,8 9,0
56001,'79202867750764183662',636,,1029,2,0,8 9,0,275,,1030,21,0,5 6 7,0,2,,1031,21,0,67 19 23 68,0,114,,1033,21,0,67 19 23 68,0,17,,1032,21,0,8 9,0,603,,1026,12,0,8 9,0,179,,1027,21,0,8 9,0,133,,1028,21,0,8 9,0
56900,'385c656911630e4e5b28',625,,1057,1,0,8 9,0,1130,,1058,1,0,8 9,0
56900,'3e571d0e2f4c2c455f11',625,,602,1,0,8 9,0,1130,,603,1,0,8 9,0
56900,'5e7252525b680b0d0608',842,,604,9,0,31 32,0,575,,605,9,0,31 32,0
56900,'79202867750764183662',842,,1059,9,0,31 32,0,575,,1060,9,0,31 32,0
56901,'385c656911630e4e5b28',1013,,1061,14,0,10 11 12,0,733,,1062,15,4,,0,197,,1063,15,0,10 11 12,0
56901,'3e571d0e2f4c2c455f11',1016,,606,14,0,10 11 12,0,730,,607,15,4,,0,200,,608,15,0,10 11 12,0
56901,'5e7252525b680b0d0608',1358,,609,18,0,18 19,0,455,,610,18,0,18 19,0
56901,'79202867750764183662',1358,,1064,18,0,18 19,0,465,,1065,18,0,18 19,0
