52001,'1c2e3625233d01453772',823,,713,9,0,97 36,0,100,,719,9,4,,0,100,,721,9,4,,0,200,,723,9,0,97 36,0,128,,708,26,4,,0,272,,711,9,0,97 36,0,112,,712,26,4,,0,223,,714,26,0,97 36,0,150,,717,9,4,,0
52001,'1f5759673f12020b0a50',1123,,726,9,4,,0,121,,727,26,0,97 36,0,479,,724,9,4,,0,200,,725,9,0,97 36,0
52001,'31744f7e5638320a2d4c',1358,,728,18,4,,0
52001,'59737b0d0f044b52693e',1902,,730,29,4,,0
52001,'7f443a14596255477616',1751,,731,18,4,,0,100,,733,18,4,,0
52101,'1e10375f42313a246a18',1353,,114,26,4,,0,390,,115,26,4,,0,265,,116,26,0,97 36,0,100,,117,26,4,,0
52101,'2173665b1e6d5b0e5d56',1243,,110,26,0,97 36,0
52101,'5a622e2f735638475e4f',1908,,111,26,4,,0
52201,'1e10375f42313a246a18',820,,131,9,0,97 36,0,200,,132,9,4,,0,200,,133,9,0,97 36,0,400,,134,9,4,,0
52201,'2173665b1e6d5b0e5d56',1120,,128,9,4,,0,600,,129,9,4,,0,200,,130,9,0,97 36,0
52201,'614f756f5f66407a564d',920,,135,9,4,,0
