53000,'1e386a27476c5b6e1461',654,,179,9,0,25 26 27 28 29 30,0,96,,180,9,0,25 26 27 28 29 30,0
53000,'20650565243b6617121a',1219,,166,23,0,25 26 27 28 29 30,0
53000,'2a2423055d636f354b6d',710,,176,24,0,25 26 27 28 29 30,0,5,,175,9,0,25 26 27 28 29 30,0,105,,177,23,0,25 26 27 28 29 30,0,100,,178,24,0,25 26 27 28 29 30,0,199,,167,23,0,25 26 27 28 29 30,0,101,,168,24,0,25 26 27 28 29 30,0,99,,169,23,0,25 26 27 28 29 30,0,105,,170,23,0,25 26 27 28 29 30,0,96,,171,24,0,25 26 27 28 29 30,0,199,,172,23,0,25 26 27 28 29 30,0,185,,173,9,0,25 26 27 28 29 30,0,20,,174,23,0,25 26 27 28 29 30,0
53000,'2f16807a52596335736c',649,,181,24,0,25 26 27 28 29 30,0,96,,182,24,0,25 26 27 28 29 30,0
53000,'456016522757102f7256',1019,,165,23,0,25 26 27 28 29 30,0,600,,163,23,0,25 26 27 28 29 30,0,200,,164,23,0,25 26 27 28 29 30,0
53001,'1e386a27476c5b6e1461',649,,204,6,0,123 121 124,0,608,,201,6,0,118 26 119,0,395,,202,6,0,118 26 119,0,99,,203,6,0,118 26 119,0,1,,205,6,0,118 26 119,0,100,,206,6,0,118 26 119,0
53001,'20650565243b6617121a',932,,186,6,0,118 26 119,0,200,,187,6,0,118 26 119,0
53001,'2a2423055d636f354b6d',832,,196,6,0,118 26 119,0,100,,197,6,0,118 26 119,0,100,,198,6,0,118 26 119,0,205,,199,6,0,118 26 119,0,5,,200,6,0,118 26 119,0,95,,188,6,0,118 26 119,0,95,,189,6,0,118 26 119,0,200,,190,6,0,118 26 119,0,25,,191,6,0,118 26 119,0,100,,192,6,0,118 26 119,0,75,,193,6,0,118 26 119,0,25,,194,6,0,118 26 119,0,95,,195,6,0,118 26 119,0
53001,'2f16807a52596335736c',747,,208,6,0,118 26 119,0,1060,,207,6,0,118 26 119,0
53001,'31744f7e5638320a2d4c',1302,,185,6,0,118 26 119,0
53001,'456016522757102f7256',1532,,184,6,0,118 26 119,0
53001,'7534570776257980407b',1738,,183,6,0,118 26 119,0
