56101,'06752747777a051e0436',1336,,1039,5,0,18 19,0
56101,'0b787c403733425e476a',1321,,582,5,0,18 19,0
56101,'23296d7c775227723c50',1231,,1040,5,0,18 19,0
56101,'385c656911630e4e5b28',1039,,1041,5,0,18 19,0
56101,'3d034810783c227d733e',1221,,581,5,0,18 19,0
56101,'3e571d0e2f4c2c455f11',1046,,578,5,0,18 19,0
56101,'5e7252525b680b0d0608',901,,579,5,0,18 19,0,145,,580,5,0,18 19,0
56101,'79202867750764183662',926,,1042,5,0,18 19,0,130,,1043,5,0,18 19,0
56901,'5e7252525b680b0d0608',1431,,609,23,0,18 19,0,415,,610,23,0,18 19,0
56901,'79202867750764183662',1431,,1064,23,0,18 19,0,425,,1065,23,0,18 19,0
