56000,'4a4d6b041568797e730d',623,,877,6,0,10 11 12,0
56000,'79202867750764183662',623,,1010,6,0,10 11 12,0
56600,'06752747777a051e0436',1246,,1044,10,0,10 11 12,0
56600,'23296d7c775227723c50',1146,,1045,10,0,10 11 12,0
56600,'262a54422e7775120a3d',1253,,595,10,0,10 11 12,0
56600,'385c656911630e4e5b28',1545,,1046,18,0,10 11 12,0,170,,1047,14,0,10 11 12,0
56600,'3d034810783c227d733e',1153,,594,10,0,10 11 12,0
56600,'3e571d0e2f4c2c455f11',1545,,589,18,0,10 11 12,0,177,,590,14,0,10 11 12,0
56600,'4a4d6b041568797e730d',836,,591,9,0,10 11 12,0,180,,592,9,0,10 11 12,0,527,,593,10,0,10 11 12,0
56600,'79202867750764183662',840,,1048,9,0,10 11 12,0,160,,1049,9,0,10 11 12,0,546,,1050,10,0,10 11 12,0
