51101,'2f16807a52596335736c',854,,72,7,0,104 105,0,200,,73,7,0,104 105,0,280,,74,7,0,104 105,0,190,,76,7,0,104 105,0
52000,'1e386a27476c5b6e1461',654,,707,16,0,25 26 27 28 29 30,0
52000,'1f5759673f12020b0a50',1410,,702,16,0,25 26 27 28 29 30,0
52000,'2f16807a52596335736c',527,,693,7,0,25 26 27 28 29 30,0,99,,696,15,0,25 26 27 28 29 30,0,33,,697,7,0,25 26 27 28 29 30,0,72,,698,16,0,25 26 27 28 29 30,0,177,,700,7,0,25 26 27 28 29 30,0,200,,687,7,0,25 26 27 28 29 30,0,200,,689,7,0,25 26 27 28 29 30,0,197,,690,15,0,25 26 27 28 29 30,0,299,,692,7,0,25 26 27 28 29 30,0,196,,695,15,0,25 26 27 28 29 30,0
56000,'06752747777a051e0436',1911,,995,31,0,25 26 27 28 29 30,0
56000,'16637e0e2315066c486c',1728,,876,37,0,25 26 27 28 29 30,0
56000,'23296d7c775227723c50',1917,,999,39,0,25 26 27 28 29 30,0
56000,'262a54422e7775120a3d',1912,,864,31,0,25 26 27 28 29 30,0
56000,'26326379431d56734a7b',1728,,861,38,0,25 26 27 28 29 30,0
56000,'385c656911630e4e5b28',1113,,1005,21,0,25 26 27 28 29 30,0,200,,1006,21,0,25 26 27 28 29 30,0,400,,1003,21,0,25 26 27 28 29 30,0,145,,1004,21,0,25 26 27 28 29 30,0
56000,'3d034810783c227d733e',1900,,868,39,0,25 26 27 28 29 30,0
56000,'3e571d0e2f4c2c455f11',1113,,874,21,0,25 26 27 28 29 30,0,200,,875,21,0,25 26 27 28 29 30,0,400,,872,21,0,25 26 27 28 29 30,0,145,,873,21,0,25 26 27 28 29 30,0
56000,'4a4d6b041568797e730d',809,,879,34,0,25 26 27 28 29 30,0,194,,880,37,0,25 26 27 28 29 30,0
56000,'79202867750764183662',818,,1012,34,0,25 26 27 28 29 30,0,204,,1013,37,0,25 26 27 28 29 30,0,704,,1008,21,0,25 26 27 28 29 30,0,19,,1007,38,0,25 26 27 28 29 30,0,161,,1009,21,0,25 26 27 28 29 30,0
