56100,'06752747777a051e0436',1237,,1034,5,0,10 11 12,0
56100,'23296d7c775227723c50',1137,,1035,5,0,10 11 12,0
56100,'262a54422e7775120a3d',1237,,577,5,0,10 11 12,0
56100,'385c656911630e4e5b28',1707,,1036,5,0,10 11 12,0
56100,'3d034810783c227d733e',1137,,576,5,0,10 11 12,0
56100,'3e571d0e2f4c2c455f11',1707,,573,5,0,10 11 12,0
56100,'4a4d6b041568797e730d',1552,,574,5,0,10 11 12,0,185,,575,5,0,10 11 12,0
56100,'79202867750764183662',1552,,1037,5,0,10 11 12,0,170,,1038,5,0,10 11 12,0
56900,'4a4d6b041568797e730d',817,,604,5,0,31 32,0,535,,605,5,0,31 32,0
56900,'79202867750764183662',817,,1059,5,0,31 32,0,535,,1060,5,0,31 32,0
