55001,'14187635613e43612170',739,,824,6,0,123 121 124,0,105,,825,6,0,125 126 45 127,0,180,,826,6,0,125 126 45 127,0,785,,823,7,0,125 126 45 127,0
55001,'31744f7e5638320a2d4c',1340,,831,7,0,129 36 130,0
55001,'3405324d4148757b0d18',1329,,832,7,0,125 126 45 127,0
55001,'4f0277002864772e6462',1554,,836,7,0,125 126 45 127,0
55001,'553d275f1455102c362a',1720,,842,7,0,129 36 130,0
55001,'56061576073054406d39',1329,,843,7,0,125 126 45 127,0
55001,'7f443a14596255477616',652,,847,4,0,123 121 124,0,1168,,845,7,0,129 36 130,0
55301,'1c2e3625233d01453772',1254,,853,9,0,140 19 145 146,0,600,,854,9,0,140 19 145 146,0
55301,'31744f7e5638320a2d4c',1307,,855,4,0,129 131 132,0
55301,'7f443a14596255477616',1701,,857,7,0,140 19 145 146,0,106,,859,4,0,129 131 132,0,104,,860,7,0,129 131 132,0
