55000,'0a067c057b2b05087239',720,,801,13,0,35 45 116,0
55000,'1a223768176411647430',1810,,805,14,0,35 45 116,0
55000,'1e386a27476c5b6e1461',732,,820,3,0,35 36 37,0,3,,821,3,0,35 36 37,0
55000,'1e7832711c690d2e452a',1711,,814,15,0,35 45 116,0,39,,816,10,0,78 19,0,161,,817,15,0,35 45 116,0
55000,'2943795d360756687162',920,,803,13,0,35 45 116,0,100,,804,13,0,35 45 116,0,300,,802,18,0,35 45 116,0
55000,'31744f7e5638320a2d4c',1350,,808,5,0,78 19,0
55000,'56061576073054406d39',1810,,818,14,0,35 45 116,0
55300,'1e386a27476c5b6e1461',636,,851,4,0,25 26 27 28 29 30,0,94,,852,7,0,25 26 27 28 29 30,0
55300,'2f16807a52596335736c',1400,,848,7,0,25 26 27 28 29 30,0
55300,'59737b0d0f044b52693e',630,,849,7,0,25 26 27 28 29 30,0
55301,'1e386a27476c5b6e1461',1711,,857,12,0,140 19 145 146,0,107,,858,9,0,117 147,0,103,,860,12,0,129 131 132,0
55301,'2f16807a52596335736c',1304,,853,14,0,140 19 145 146,0,600,,854,14,0,140 19 145 146,0
55301,'31744f7e5638320a2d4c',1318,,856,9,0,117 147,0
