51101,'2f16807a52596335736c',901,,72,11,0,104 105,0,200,,73,11,0,104 105,0,240,,74,11,0,104 105,0,190,,76,11,0,104 105,0
52000,'1e386a27476c5b6e1461',641,,706,5,0,25 26 27 28 29 30,0
52000,'1f5759673f12020b0a50',1415,,702,18,0,25 26 27 28 29 30,0
52000,'2f16807a52596335736c',532,,693,9,0,25 26 27 28 29 30,0,105,,696,19,0,25 26 27 28 29 30,0,69,,697,11,0,25 26 27 28 29 30,0,33,,698,20,0,25 26 27 28 29 30,0,175,,700,9,0,25 26 27 28 29 30,0,200,,687,9,0,25 26 27 28 29 30,0,200,,689,9,0,25 26 27 28 29 30,0,197,,690,17,0,25 26 27 28 29 30,0,304,,692,11,0,25 26 27 28 29 30,0,190,,695,17,0,25 26 27 28 29 30,0
56000,'06752747777a051e0436',1919,,995,33,0,25 26 27 28 29 30,0
56000,'16637e0e2315066c486c',1735,,876,39,0,25 26 27 28 29 30,0
56000,'23296d7c775227723c50',1924,,999,41,0,25 26 27 28 29 30,0
56000,'262a54422e7775120a3d',1919,,864,33,0,25 26 27 28 29 30,0
56000,'26326379431d56734a7b',1735,,861,40,0,25 26 27 28 29 30,0
56000,'385c656911630e4e5b28',1121,,1005,23,0,25 26 27 28 29 30,0,200,,1006,23,0,25 26 27 28 29 30,0,400,,1003,23,0,25 26 27 28 29 30,0,185,,1004,23,0,25 26 27 28 29 30,0
56000,'3d034810783c227d733e',1907,,868,41,0,25 26 27 28 29 30,0
56000,'3e571d0e2f4c2c455f11',1121,,874,23,0,25 26 27 28 29 30,0,200,,875,23,0,25 26 27 28 29 30,0,400,,872,23,0,25 26 27 28 29 30,0,185,,873,23,0,25 26 27 28 29 30,0
56000,'4a4d6b041568797e730d',816,,879,36,0,25 26 27 28 29 30,0,194,,880,39,0,25 26 27 28 29 30,0
56000,'79202867750764183662',825,,1012,36,0,25 26 27 28 29 30,0,204,,1013,39,0,25 26 27 28 29 30,0,705,,1008,23,0,25 26 27 28 29 30,0,18,,1007,40,0,25 26 27 28 29 30,0,162,,1009,23,0,25 26 27 28 29 30,0
