52000,'1e386a27476c5b6e1461',623,,707,8,0,25 26 27 28 29 30,0
52000,'1f5759673f12020b0a50',1048,,701,7,0,20 21 22 23 24,0,294,,702,8,0,25 26 27 28 29 30,0,306,,703,7,0,20 21 22 23 24,0,200,,704,7,0,20 21 22 23 24,0
52000,'2a2423055d636f354b6d',852,,705,8,0,20 21 22 23 24,0
52000,'2f16807a52596335736c',558,,696,7,0,25 26 27 28 29 30,0,145,,698,8,0,25 26 27 28 29 30,0,45,,699,7,0,20 21 22 23 24,0,200,,686,7,0,20 21 22 23 24,0,200,,688,7,0,20 21 22 23 24,0,290,,690,7,0,25 26 27 28 29 30,0,110,,691,7,0,20 21 22 23 24,0,255,,694,7,0,20 21 22 23 24,0,130,,695,7,0,25 26 27 28 29 30,0
52400,'4d1333016f576a2b1861',907,,155,8,0,20 73 74,0
52500,'2a2423055d636f354b6d',828,,157,6,0,20 21 22 23 24,0,500,,158,6,0,20 21 22 23 24,0
52500,'2f16807a52596335736c',1828,,159,6,0,20 21 22 23 24,0
56000,'06752747777a051e0436',1127,,996,25,0,20 21 22 23 24,0,230,,997,33,0,20 21 22 23 24,0,191,,993,28,0,20 21 22 23 24,0,304,,995,25,0,25 26 27 28 29 30,0
56000,'16637e0e2315066c486c',1710,,876,31,0,25 26 27 28 29 30,0
56000,'23296d7c775227723c50',1057,,1001,25,0,20 21 22 23 24,0,200,,1002,31,0,20 21 22 23 24,0,200,,998,33,0,20 21 22 23 24,0,400,,999,33,0,25 26 27 28 29 30,0
56000,'262a54422e7775120a3d',1115,,865,25,0,20 21 22 23 24,0,235,,866,33,0,20 21 22 23 24,0,181,,862,28,0,20 21 22 23 24,0,322,,864,25,0,25 26 27 28 29 30,0
56000,'26326379431d56734a7b',1710,,861,32,0,25 26 27 28 29 30,0
56000,'385c656911630e4e5b28',1057,,1005,15,0,25 26 27 28 29 30,0,200,,1006,15,0,25 26 27 28 29 30,0,400,,1003,15,0,25 26 27 28 29 30,0,186,,1004,15,0,25 26 27 28 29 30,0
56000,'3d034810783c227d733e',1055,,870,25,0,20 21 22 23 24,0,195,,871,31,0,20 21 22 23 24,0,200,,867,33,0,20 21 22 23 24,0,392,,868,33,0,25 26 27 28 29 30,0
56000,'3e571d0e2f4c2c455f11',1057,,874,15,0,25 26 27 28 29 30,0,200,,875,15,0,25 26 27 28 29 30,0,400,,872,15,0,25 26 27 28 29 30,0,185,,873,15,0,25 26 27 28 29 30,0
56000,'4a4d6b041568797e730d',751,,879,28,0,25 26 27 28 29 30,0,194,,880,31,0,25 26 27 28 29 30,0,1095,,878,25,0,20 21 22 23 24,0
56000,'79202867750764183662',758,,1012,28,0,25 26 27 28 29 30,0,244,,1013,31,0,25 26 27 28 29 30,0,708,,1008,15,0,25 26 27 28 29 30,0,12,,1007,32,0,25 26 27 28 29 30,0,128,,1009,15,0,25 26 27 28 29 30,0,207,,1011,25,0,20 21 22 23 24,0
