50300,'135436733c0f58795678',1116,,962,5,0,25 26 27 28 29 30,0
50300,'172c7f74083d650e3871',1116,,16,5,0,25 26 27 28 29 30,0,498,,15,8,0,25 26 27 28 29 30,0
50300,'201630040e0d516b544f',733,,966,7,0,25 26 27 28 29 30,0,716,,963,7,0,25 26 27 28 29 30,0,165,,964,7,0,25 26 27 28 29 30,0,295,,965,7,0,25 26 27 28 29 30,0
50300,'507a3d71694b79471d39',1614,,967,8,0,25 26 27 28 29 30,0,105,,968,6,0,25 26 27 28 29 30,0,134,,969,7,0,25 26 27 28 29 30,0
50300,'5f04741f081f58114a4e',733,,21,7,0,25 26 27 28 29 30,0,716,,19,8,0,25 26 27 28 29 30,0,460,,20,8,0,25 26 27 28 29 30,0
50300,'7469295d084172605b05',1719,,22,6,0,25 26 27 28 29 30,0,134,,23,7,0,25 26 27 28 29 30,0
50301,'172c7f74083d650e3871',1041,,30,15,0,85 133,0,400,,31,15,0,87 88 128,0,305,,32,15,0,87 88 128,0
50301,'201630040e0d516b544f',1041,,979,15,0,85 133,0,275,,980,15,0,87 88 128,0,125,,981,15,0,87 88 128,0,305,,977,15,0,87 88 128,0,167,,978,15,0,85 86,0
50301,'39537a560f0702647260',1913,,33,15,0,87 88 128,0
50301,'4c7d47006519742b4231',1913,,982,15,0,85 86,0
50301,'507a3d71694b79471d39',832,,985,16,0,85 86,0,209,,986,15,0,85 133,0,285,,987,15,0,87 88 89,0,115,,988,15,0,87 88 128,0,305,,983,15,0,87 88 128,0,100,,984,15,0,85 86,0
50301,'54671a3201207c557567',1913,,29,15,0,85 86,0
50301,'5f04741f081f58114a4e',1316,,37,15,0,87 88 128,0,597,,36,15,0,85 86,0
50301,'68157e3a7f0e38333e23',1913,,991,15,0,87 88 128,0
50301,'7469295d084172605b05',832,,39,16,0,85 86,0,494,,40,15,0,87 88 89,0,520,,38,15,0,85 86,0
