56100,'1c2e3625233d01453772',1225,,577,2,0,10 11 12,0
56100,'1f5759673f12020b0a50',1125,,576,2,0,10 11 12,0
56100,'3823594e52252d7f6b14',1655,,573,2,0,10 11 12,0
56100,'4f0277002864772e6462',1540,,574,2,0,10 11 12,0,185,,575,2,0,10 11 12,0
56101,'1c2e3625233d01453772',1330,,582,7,0,18 19,0
56101,'1f5759673f12020b0a50',1230,,581,7,0,18 19,0
56101,'3823594e52252d7f6b14',1055,,578,7,0,18 19,0
56101,'4f0277002864772e6462',910,,579,7,0,18 19,0,145,,580,7,0,18 19,0
56900,'4f0277002864772e6462',805,,604,2,0,31 32,0,535,,605,2,0,31 32,0
56901,'4f0277002864772e6462',1440,,609,25,0,18 19,0,415,,610,25,0,18 19,0
