55000,'0a067c057b2b05087239',718,,801,12,0,35 45 116,0
55000,'1a223768176411647430',1808,,805,13,0,35 45 116,0
55000,'1e386a27476c5b6e1461',720,,820,1,0,35 36 37,0
55000,'1e7832711c690d2e452a',1705,,814,13,0,35 45 116,0,41,,816,8,0,78 19,0,159,,817,13,0,35 45 116,0
55000,'2943795d360756687162',918,,803,12,0,35 45 116,0,100,,804,12,0,35 45 116,0,300,,802,17,0,35 45 116,0
55000,'31744f7e5638320a2d4c',1346,,808,3,0,78 19,0
55000,'56061576073054406d39',1808,,818,13,0,35 45 116,0
55300,'1e386a27476c5b6e1461',631,,851,2,0,25 26 27 28 29 30,0,96,,852,6,0,25 26 27 28 29 30,0
55300,'2f16807a52596335736c',1357,,848,6,0,25 26 27 28 29 30,0
55300,'59737b0d0f044b52693e',627,,849,6,0,25 26 27 28 29 30,0
