56001,'06752747777a051e0436',1353,,1014,20,0,5 6 7,0,200,,1015,20,0,8 9,0
56001,'0b787c403733425e476a',1337,,572,20,0,5 6 7,0,200,,570,20,0,8 9,0
56001,'23296d7c775227723c50',1018,,1019,20,0,8 9,0,435,,1017,20,0,5 6 7,0
56001,'3d034810783c227d733e',1005,,567,20,0,8 9,0,432,,569,20,0,5 6 7,0
56001,'5e7252525b680b0d0608',913,,564,29,0,5 6 7,0,143,,565,29,0,8 9,0,662,,560,20,0,8 9,0,120,,561,29,0,8 9,0,173,,562,29,0,8 9,0
56001,'79202867750764183662',942,,1030,29,0,5 6 7,0,175,,1032,29,0,8 9,0,601,,1026,20,0,8 9,0,139,,1027,29,0,8 9,0,175,,1028,29,0,8 9,0
56601,'06752747777a051e0436',1336,,1051,4,0,13 14 2 15,0
56601,'0b787c403733425e476a',1321,,601,4,0,13 14 2 15,0
56601,'23296d7c775227723c50',1231,,1052,4,0,13 14 2 15,0
56601,'385c656911630e4e5b28',1046,,1053,4,0,5 6 7,0,380,,1054,4,0,8 9,0
56601,'3d034810783c227d733e',1221,,600,4,0,13 14 2 15,0
56601,'3e571d0e2f4c2c455f11',1046,,596,4,0,5 6 7,0,380,,597,4,0,8 9,0
56601,'5e7252525b680b0d0608',1731,,598,4,0,13 14 2 15,0,90,,599,4,0,16 17,0
56601,'79202867750764183662',1731,,1055,4,0,13 14 2 15,0,170,,1056,4,0,16 17,0
