51100,'1c2e3625233d01453772',825,,65,3,0,95 96,0,200,,66,3,0,95 96,0,280,,68,3,0,95 96,0,150,,69,3,0,95 96,0
52001,'1c2e3625233d01453772',813,,718,8,0,20 21 22 23 24,0,45,,720,11,0,20 21 22 23 24,0,189,,722,8,0,20 21 22 23 24,0,212,,708,8,0,98 50,0,80,,709,11,0,20 21 22 23 24,0,105,,710,8,0,20 21 22 23 24,0,200,,712,8,0,98 50,0,263,,714,8,0,97 36,0,22,,715,11,0,20 21 22 23 24,0,78,,716,8,0,20 21 22 23 24,0
52001,'1f5759673f12020b0a50',1144,,727,8,0,97 36,0
52001,'31744f7e5638320a2d4c',1320,,729,8,0,20 21 22 23 24,0
52001,'59737b0d0f044b52693e',1811,,730,11,0,98 50,0
52001,'7f443a14596255477616',1722,,732,11,0,20 21 22 23 24,0,102,,734,11,0,20 21 22 23 24,0
56001,'385c656911630e4e5b28',859,,1024,4,0,67 19 23 68,0,42,,1025,4,0,67 19 23 68,0,343,,1021,4,0,67 19 23 68,0,200,,1022,4,0,67 37,0,405,,1023,4,0,67 37,0
56001,'3e571d0e2f4c2c455f11',859,,558,4,0,67 19 23 68,0,385,,559,4,0,67 19 23 68,0,200,,556,4,0,67 37,0,405,,557,4,0,67 37,0
56001,'5e7252525b680b0d0608',719,,564,4,0,5 6 7,0,140,,565,4,0,8 9,0,785,,561,4,0,8 9,0,170,,562,4,0,8 9,0
56001,'79202867750764183662',729,,1030,4,0,5 6 7,0,2,,1031,4,0,67 19 23 68,0,128,,1032,4,0,8 9,0,42,,1033,4,0,67 19 23 68,0,743,,1027,4,0,8 9,0,170,,1028,4,0,8 9,0
