56000,'06752747777a051e0436',1120,,997,2,0,20 21 22 23 24,0,490,,994,2,0,10 11 12,0
56000,'0b787c403733425e476a',1130,,866,2,0,20 21 22 23 24,0,480,,863,2,0,10 11 12,0
56000,'23296d7c775227723c50',1220,,998,2,0,20 21 22 23 24,0,400,,999,2,0,25 26 27 28 29 30,0
56000,'3d034810783c227d733e',1230,,867,2,0,20 21 22 23 24,0,390,,868,2,0,25 26 27 28 29 30,0
56001,'06752747777a051e0436',1443,,1014,32,0,5 6 7,0
56001,'0b787c403733425e476a',1426,,572,32,0,5 6 7,0
56001,'23296d7c775227723c50',1543,,1017,32,0,5 6 7,0
56001,'3d034810783c227d733e',1526,,569,32,0,5 6 7,0
56001,'5e7252525b680b0d0608',1002,,564,41,0,5 6 7,0
56001,'79202867750764183662',1032,,1030,41,0,5 6 7,0
56600,'385c656911630e4e5b28',1420,,1046,2,0,10 11 12,0
56600,'3e571d0e2f4c2c455f11',1420,,589,2,0,10 11 12,0
56601,'385c656911630e4e5b28',1200,,1053,18,0,5 6 7,0
56601,'3e571d0e2f4c2c455f11',1200,,596,18,0,5 6 7,0
