56100,'06752747777a051e0436',1245,,1034,7,0,10 11 12,0
56100,'0b787c403733425e476a',1245,,577,7,0,10 11 12,0
56100,'23296d7c775227723c50',1145,,1035,7,0,10 11 12,0
56100,'385c656911630e4e5b28',1715,,1036,7,0,10 11 12,0
56100,'3d034810783c227d733e',1145,,576,7,0,10 11 12,0
56100,'3e571d0e2f4c2c455f11',1715,,573,7,0,10 11 12,0
56100,'5e7252525b680b0d0608',1600,,574,7,0,10 11 12,0,145,,575,7,0,10 11 12,0
56100,'79202867750764183662',1600,,1037,7,0,10 11 12,0,130,,1038,7,0,10 11 12,0
56900,'5e7252525b680b0d0608',825,,604,7,0,31 32,0,575,,605,7,0,31 32,0
56900,'79202867750764183662',825,,1059,7,0,31 32,0,575,,1060,7,0,31 32,0
